1051
1060
33032
5950
3121
23663956
3675
5665
15107208
175
46936928
5951
750
286
46936882
6420149
857
6287
6306
6914573
1053
46936443
49
34756
5862
1054
4973
6140
5961
802
174
5288538
446195
175496
6305
34359
5960
444972
447742
6274
6262
7419
10176161
1103
1045
1055
445062
6992039
46936936
6083
1175
445383
10376202
6992084
46936633
5288834
445459
68841
24883477
16070039
12148754
9547901
11776755
46936235
46936284
65241
46936388
46936338
5288641
46936435
46936467
46936468
65533
46936539
657141
46936583
46936610
22298966
46936631
46936650
444746
46936658
46936693
5287969
46936746
46936802
46936861
657140
1478
124823
46936946
46937004
5745915
5326884
5326885
5326886
5326887
15991546
15991547
11987874
46937093
9860102
11840955
44263483
11669698
46937156
46937157
91443
440473
46936296
46936496
6057
450268
145742
1567
5702760
6288
44176380
6137
5460373
439153
444412
60843
46936194
5748251
46936344
5478860
46936874
46936365
46936685
9846239
6267
3777159
25181315
46936601
5702665
46936727
46936206
311
171548
11840927
529
46937007
444348
71081
654376
25210493
650361
1125
439260
5816
46936425
5702551
5460203
146719
456468
443940
441350
6950578
6119
190
46936509
448978
448979
6112
305
1935
67425
4991
908828
5936
5353894
4199
3152
5965
5983
77991
3202
2131
6000
2968
9294
4456
46936220
854026
4939
5289507
78057
446506
8200
21158810
3396559
5289508
187
6713579
3991
440552
4478249
5288799
5288588
3396560
445892
5326966
5326967
656986
5287586
46937080
1150567
1723
46937096
46937098
4139
8179
24832019
3105
4004
9434
10547
6327654
264
1933
74190
20689
4456150
3383616
448167
446980
446981
15083623
5962
6322
448718
9750
5957
4189
5743
123831
448269
1649
1433
1893
5139
657073
2146
5287494
24239
62852
123895
444234
449021
2733514
21501
46937031
16115747
9797857
24894153
24894155
9969613
11740318
10157080
24894151
24941258
11149707
10221335
9886249
82315
46936229
439202
656911
3387240
656912
1337
3776
15689
449633
445109
11740154
2513
1894
40489058
6323220
347590
1331
46936846
5288582
445319
440005
167250
181426
24941263
6914633
24798097
25021186
5494411
1110
46936683
259994
23644096
46936482
46936484
7389
46936555
6101
1031
656981
32017976
8778
444749
46936918
46936938
46937035
3520
46936223
46936234
284
6328756
6102530
46936366
46936428
46936464
17754220
46936585
46936598
46936643
46936679
449392
46936702
5748376
46936789
13611
6386
439750
46936994
25147494
25147495
12717
46936701
6335984
6453837
447145
444965
446124
657087
5289344
1176
5287648
170018
657085
23644529
124992
65098
65249
6324623
445463
7339
5287565
5284596
46936485
5740
446916
15648788
6102822
6102820
6102821
24856357
46936316
46936648
2519
2153
3182
4740
1676
3827
6443959
4680
5429
3698
449190
154575
448055
656969
9578243
656968
151170
3671
9821178
9999276
125132
5723
656966
215436
656965
6603746
46937046
3758
44120114
3973
611002
2396
5280343
44462678
5459373
46937055
24851688
24180721
46937117
24851689
5281701
8249
4091
5280934
446284
2242
4058
4601
1779
6234
2901
446994
446094
168131
46936444
84815
448288
46936660
5287684
5289086
1069140
6102684
6102685
6102686
448285
23647763
369976
185915
445993
10180201
7020128
24764430
5283740
6433735
5280793
5283711
5281104
5281010
5282181
6376277
46936681
46936934
46937021
10457944
67678
5070
5359476
67361
3637
447027
21307
5601
3598
25210
493570
5353439
5326566
46936957
439174
46936243
46936459
6101904
46936411
46936454
46936655
6102781
25113157
4055
5280483
2197
46936254
51
3226
3763
4116
4763
42113
5206
2479
2481
606974
4737
31143
4099
3000715
4909
8271
2164
6464
6473
10518
3608
2294
3003157
447195
158397
447249
447196
126569
40539
657004
46936640
3140
167842
440053
5288598
2196
5289517
22489160
5288002
44129629
44129630
44129631
28486
5284627
17753955
46936670
3331
4054
3562
62751
3559
71158
7019268
5702548
160556
33741
4095
3290
5360696
4914
702
2130
8612
3821
62436
6468
124886
3715
46936582
46936644
46936726
46936899
11779786
2578
449159
1549098
46936422
9543424
643975
11767258
65124
11505541
10708341
13922647
165339
15906
46936534
13134933
2719
6128
46936997
46936232
445443
25322935
688357
115260
9888340
46936725
46936761
2801
193653
172469
46936755
753
46937099
5289112
5353980
46936821
6105620
24764436
2763788
5282230
695906
6540277
4122
447315
5326960
6323481
14985
727
31304
46936176
6323459
9834298
1050
46936826
4369502
5289296
586
4635864
5287702
446202
439356
440046
5599
46936706
243
227
46937113
24417
193613
444718
446056
446382
17753867
446054
446049
24768537
16741275
44176354
444797
24832027
1130
5327150
5280581
4075
1983
4201
4409
3826
5509
3342
3033
1548885
3052
3394
3308
4044
1302
4781
2581
3059
5359
338
4037
2244
60726
4614
3825
6335412
3672
151166
16682734
5161
68723
2206
5468
6995274
3662
448006
4972
6227
3371
445154
2084
445302
447834
446134
4754
5312542
522325
151075
16741227
447835
16741228
4649
216326
2662
5090
119607
5426
123619
1396
5280883
4488
4495
447029
447030
3311
46936763
22524583
46937075
46936566
679
3406
9923
5288319
8076
80654
221493
77022
1048
70119
17754178
46936557
5289037
6409
46936704
13017
7966
5287890
46936878
347402
17429
447153
91867
445354
444795
3117
107971
447466
1944
2120
449156
5724
53359
132213
337359
448658
16058629
16058630
157839
10450624
25210476
6420118
447950
2797541
11494891
11660035
4369325
2817424
10150441
5994
8631
10204
192197
31401
4993
5578
126941
6178111
5583
447815
447021
17754203
444617
447229
446753
446998
446752
54369
444475
447022
25093369
44144378
44144379
44144380
25058133
446744
46937152
46937168
46936786
46936502
46936728
54687
53232
446156
6419910
60823
1548972
6439133
46936280
1662
446154
5287418
46936394
17753777
23644280
11500273
20541332
656583
46936354
5753
24808495
25023710
24812720
11545694
16105493
25263223
16726072
24856362
24866443
16040257
15942677
5881
223368
46936352
15
222865
46936602
5281078
37542
446541
46936839
5748447
46936569
46936401
936
974
448650
5460307
17754080
10132
44
2585
896
4908
443388
89105
23270857
115348
1504717
132302
2266
7638
5311027
46936193
448457
11987804
46936208
5287846
46936645
46936983
3893
79034
46936903
447048
46936823
1701
5591
77999
54786
39042
448173
5282761
11711595
24941254
11395145
6603901
443871
65981
65999
3478
4829
3047758
446758
6102812
9549225
6443013
9547900
24875301
24875302
46937060
46937061
5312830
208901
46937076
447458
181137
11149906
644213
11483970
6006216
5289162
23654841
10274777
2742752
6437841
71398
5281040
60490
3899
17753820
14205264
25022057
5757
5991
6436173
446313
447912
985
104625
61635
68238
1667
4470790
4469805
394347
17753965
5287703
152951
7099
5353305
1282
5353306
16129704
5326608
1746
447476
445843
46936900
5287492
5288332
4369429
5494439
5494440
5361
9574101
6445226
736234
46937029
23629654
44141860
25113614
46937030
657007
6323178
448123
5496862
42615253
448677
25113126
25113127
25011732
25113616
25113617
25113615
25113128
25220914
46937043
46937044
25011733
25271577
24963035
24963036
24963037
11957380
4073054
5287523
25134248
25021183
25113125
46937056
42615254
10095865
10343728
9911502
9820034
46937065
444238
1792
444224
324690
5287789
446805
46937077
46937078
9543486
9543487
447219
6323250
656913
46937085
5288064
5288066
5288067
9867609
979
46937090
5288257
17758361
4634038
448953
448955
10114365
449126
449127
24754814
448763
8420
23586040
4369485
46937165
6852220
5326876
5326888
5326883
5289214
6420178
15942655
10135836
772
14463
5326879
11634458
445480
9547923
24752832
24752833
24794406
16040261
10182969
9549259
9549258
6852168
9549257
42628060
11979006
6540267
6540268
42628063
10250490
9954980
445481
9875401
447359
447360
447362
5248
4760
3488
4912
5291
3062316
4327
644241
10477723
15942672
11005
447700
16750094
46937162
5330812
11524144
518740
13830686
24798741
24798742
25419
94599
46936378
449005
5313335
5342
241903
30323
5480431
4932
11953931
9854073
3476
2727
3475
5505
91610
32778
9565
3037580
449120
104406
46936659
8189
92249
378
46936314
1550916
688097
188350
448991
5324346
4771
2771
5656
54841
2160
4976
4158
3696
3386
60835
4543
2170
3337
4020
5533
2520
43815
5584
7028
5760
68617
5210
2725
667477
4449
2995
146570
26175
1615
31721
10836
5365247
34869
65833
4184
125017
60846
130881
3961
2541
6398765
3749
132706
60921
60919
5362129
55891
5484727
5362124
5362032
5362417
91270
5362119
107807
54892
5280954
44093
5311447
688267
82153
71414
636374
247839
443958
9878
19090
20469
9782
5311067
444036
6215
48175
31307
5865
443980
31378
5754
123620
408334
55245
5282493
15209
5755
444025
39507
6741
32798
9642
52421
6446
63006
5311066
5745
5875
444033
12374
443936
2284
5361323
5826
6832
4236
4762
2341
7029
681
3103
444
11597698
14584
4528
5770
8550
6018
22297
7558
4195
60854
3033538
4585
2092
2818
6041
4926
4893
2726
3157
3869
4474
5452
8223
129211
6082
5073
4940
5401
47811
31101
5002
60795
115237
72287
12460
4747
6077
9429
60149
5709
26934
3168
5906
5775
34040
3241
5504
5566
5281878
4768
4011
4636
2216
592735
4927
443884
6420006
2372
3677
5311507
164739
4436
38521
65856
3518
2966
444007
942
2551
24244
62886
4032
441290
47319
2381
60169
5281042
21233
441289
50192
39765
26879
5850
15130
5310966
5314
21124461
854023
86418
115224
83898
5596
5749
3114
43232
4167
6729
3162
5572
4642
4919
64692
2913
23724781
444031
20299
5568
657201
174174
4848
10429215
5184
2342
2784
4934
3042
5593
6834
4097
2911
2905
3494
60774
4634
5910
3354
3055
4168
667466
3086654
216457
23897
2230
4057
6918558
5405
6126
3775
1993
3958
5391
969472
2118
2809
3016
5556
5719
2802
2717
5735
3380
33746
5281077
36339
2789
4064
5732
9034
2712
37632
4192
3393
31640
4616
4162
3032285
3373
3261
3487
2441
2811
3369
4890
4999
3033621
4506
3037032
4943
3038497
4837
59768
2369
3762
4171
2249
33624
5253
2583
4946
2405
36811
2119
4828
2083
3779
60789
2157
1978
39147
39468
31477
3343
4845
443371
37464
2783
4631
71301
46937143
656909
93860
387447
11840981
441233
5734
26757
4235
3759
4688
4380
3492020
5280953
3052776
7054
5289295
1549107
84704
5287453
5289310
15433
5289289
5288103
16750123
11616886
233979
46937129
5494443
23659732
52195
56959
1775
3676
4178
10770
3025
4060
2554
34633
4906
3292
34312
7699
441074
4913
38945
3356
48033
56339
2218
9681
54746
5095
4205
3964
59868
28864
6005
5487301
8969
5288826
5284371
5284570
5284603
6916249
15330
5360515
41693
3345
3955
5360630
60815
40400
5284569
13505
5284604
62296
10668
5462328
26721
62156
26644
5359421
61996
5488548
441278
16666
40841
5359371
51263
4595
8944
10517
5359271
4086
33572
5403
35330
5152
3410
3083544
688561
54766
13023332
16122612
448537
9549223
11742
6623
232446
65028
447234
78607
36690637
6323452
46937095
4369567
60961
3446
9433
656652
4046
6914273
2370
5212
110634
110635
3108
6918523
71329
2179
60753
2769
2247
16362
37393
5472
60606
5282411
6918456
60164
5381
5282375
108143
5289501
9887303
445576
2605
46936627
445575
445455
445460
82146
92745
5288679
3032732
3922
448258
5288795
5462340
5493444
6228
31260
446127
5288557
60594
46936776
444570
444567
444569
6914625
6914626
6914627
20843156
6914629
11963546
41781
4121
2732
3440
4873
3647
2471
3278
5560
6307
4849
77993
441240
2477
5358
4440
3678
62867
57537
10531
123606
5078
77992
2159
6324770
2435
2803
5702063
68602
5487
3341
38853
3519
30668
1989
5503
152946
71384
41744
34698
41867
3229
51081
2764
62959
36462
3948
31703
4539
149096
4583
42890
10607
4212
60464
5280961
10180
3033825
3019
5311
46936832
5288688
16040268
11712628
4485
2733
2315
3639
27686
5486971
2351
3295
2343
2910
4100
1986
3154
2720
3284
3038
68844
14309
4347
120231
444612
4290
446275
3013848
446241
5287541
446237
446276
2144
1604
445770
9864
446242
65077
46936520
4293
446239
4369101
4369172
446274
1387
17754181
13195
4316
9257
5496599
4369171
6860
1758
4288
46936815
446277
8747
1759
46936881
4369103
446238
193512
1514
3092847
5284549
446240
4369414
4369413
5289159
11069133
11245700
23653514
18794
444607
12598931
462919
11188898
165323
444849
1700
688424
44144383
745994
3161908
16122582
96876
891831
6852128
5356
9804302
9912519
6604229
14611919
4197
42786
2754
53708
20279
8646
5287571
46936327
764
445732
50599
60817
46936494
453549
439236
46936714
6541399
46936780
46936816
790
448999
5327013
5327012
5327014
119182
30751
3011155
60750
3657
8226
5440
3372
4748
18104
441185
6047
941651
5355
54477
4917
1547484
4078
3151
43008
3396
2895
6089
148211
60654
3510
2099
441383
2812
71616
5482
3198
55283
147912
12773795
4753
4756
40326
11289
23667301
40976
40973
13109
5035
3005573
10631
5870
2733526
9270
1548955
667476
104741
6540478
18140
6291
28417
235905
46936266
46936438
46936779
46936793
448915
5756
5284555
9046
9549180
15897928
656953
6852154
46937048
6857699
4369568
11197931
46937088
23728517
11368987
11149479
11531308
10286159
16750040
9927355
46870043
14086997
24752837
1530
15942662
65258
46936808
9957008
5388909
6102691
5326826
5326827
656936
16758226
6102690
11357504
656952
10286462
4369551
256737
11987846
8549
3784
2162
4497
4499
24083
3333
4507
60663
4494
1712095
2893
941361
7741
2756
3033637
65513
3001055
5702160
5920
5819
853
71371
9863447
9862248
17753786
447271
5803
448011
14899645
123631
176870
208908
46937083
4708
71273
2474
3180
4935
4633
4062
92253
2337
4674
68740
2088
60852
5245
647
448400
445995
1195
445713
6420192
441184
46936258
46936324
46936518
439685
46936574
46936396
46936699
46936851
46936981
4369393
441314
444020
5282226
5282380
5282415
5360373
104758
5790
6256
3385
54575
60953
9700
65063
93114
425841
2730282
9051
6230
68873
261000
4369524
5284525
5280723
5280360
5526
564
8761
40839
36314
148124
6167
46936246
46936553
4659569
5281081
3870203
4369285
6914595
5413034
11963622
4510
6883
8053
23723
8064
446308
12530
3711
3710
1372
46936690
5353370
46936891
46936942
17753757
445647
46936196
46936201
445501
11892832
46936384
446414
46936735
446411
111509
445646
23724530
5576
3291
6476
115355
5287556
2145
13769
60198
3902
2187
697959
44129642
46937073
5192
195347
14357
122335
11138
60780
5978
17753760
439691
37720
46936835
46936842
46936854
5833
3397
5878
6013
4493
224004
229455
2375
5995
236666
13308
28204
56069
5326911
5284537
6429880
6857686
24892823
9882972
24892822
46937071
10174090
9824562
5287785
16750073
5288215
11522441
9944398
11428356
11560224
16750071
152945
57363
46937170
441341
5546
16231
31072
657298
1349907
30322
68949
439501
2431
5359268
888
441207
33887
150310
13126
5839
216239
24180719
24180720
11653652
5329102
11167118
16040289
11441375
23658582
4369498
4369497
24812717
24812719
24812718
24941243
9822610
30819
447721
656949
447725
27934
4369379
5288238
446816
90334
4630909
1714
156422
7245
5172
5164
5287728
5289514
25174101
10134493
11427975
3038525
24941253
2352168
9543437
10089048
12106168
23644582
10200651
21078798
24856363
22049997
42647299
9865587
5326866
46937120
5326868
5326870
5326871
6540299
6852209
9543517
23400214
42647297
24963046
24755476
4369443
5327066
5327067
40467016
5171
46937015
5276520
5276507
24836815
16122553
4395717
25023881
168399
636380
46936749
51634
145068
27661
4170
4870
2094
5288320
5162682
134018
449035
5745914
6101632
46936748
298
8378
65015
16078
5284592
104850
46936262
2403
17754396
46937045
46937053
44176356
448943
2398
4474224
2082
4030
5287955
2329
3311411
5353307
46936512
115147
5681
9801
5312137
6915944
11302
1990
119031
448940
448942
5362422
9869365
11987860
25271580
446504
24794392
46937106
46937107
46937108
448002
705712
439693
447340
46936398
447339
447546
46936556
449013
449014
447341
46936923
46936979
149790
448903
449015
46937091
3878
104865
216235
3156
8280
123871
10917
4746
10918
439825
237
2354
5353303
447732
447733
447735
6119062
447731
447736
5289529
448605
444655
448841
6102526
162636
4286
5438
448610
46936909
445849
4300
447734
16758228
180621
23653531
23653533
23653530
7057884
46936393
8193
24892821
25243828
97297
439213
115100
3652
2165
24466
3100
5227
6323490
50294
448969
46936377
448972
448965
5326934
46936572
448973
5289232
448970
46936782
5289228
5289227
448974
448976
448971
5327104
5327103
10095904
6102788
10456828
16058668
25210273
9796161
44585557
13373715
24832022
17755582
5327095
10403821
5327091
24836816
6914564
2726820
46937132
448968
25058141
11160307
24812721
72194
8150
6604901
11373270
11840979
4369380
5478838
46936424
448249
5289469
5289417
9884318
11221386
9968957
11213558
25113172
11493841
439542
938
3305
60937
453557
2796
3339
3463
46936249
9956726
46936328
46936711
36523
25077649
44151801
4211
4174
2366
151165
23725064
219090
2161
46936252
46936333
4437
8408
4911
57166
157922
57469
656510
47641
1549008
2484
4735
60838
60700
24360
16685683
5287652
5288720
5281071
42608445
2823014
5282381
60947
128564
194777
5487313
4369
5288596
17754173
7970
17754156
5288814
5287415
5288108
444599
46936560
1836
445018
5289389
446165
4369084
1948
4369082
4369080
24178109
10039403
9543420
4369141
15942651
478379
5289314
6323374
5287850
444698
446505
69020
5326979
25174099
6540261
6852147
5288561
4636204
446676
445856
5289415
10072851
16129579
16129580
46936947
5111
4368
5289109
5289110
5289111
24768528
10224181
657061
3342298
9896504
55466
5353562
22820300
4995
46936845
3467
3702
9842606
11987868
2141
155448
18502861
446286
6058
137
449593
11579
1755
1021
46936516
1698
25945
151171
72081
119212
60648
9444
3366
451668
150311
71364
72281
1122713
44141871
11610553
11581936
15991588
11955614
208902
6253
46936612
5287834
2265
667490
5791881
100684
156419
628327
5282054
3034010
17754180
447622
656719
312145
4592
10976469
6096886
10134160
16115004
46937092
11493598
9929643
24871491
4369359
447256
448436
2734054
134497
6327350
205131
5494385
6918537
11243969
11840904
16122596
46937042
24768547
24752844
15953860
23645698
11538992
23661697
11554165
11495704
10450114
24832041
11710963
11572962
11592154
11840913
11840917
263366
11235729
10198228
16750059
5494422
16040279
24798721
5459374
11974440
16739331
16058650
11516136
42608447
24180585
10320144
4747355
23647311
5414
446977
46936391
4469371
2386
131624
446605
447488
446399
2281
1800
8060
23646721
12374050
46936299
448062
446978
10904076
445756
5326667
448748
1507
7504
11861988
5326514
8058
46936500
10869340
6102595
5326682
46936573
447478
2280
448749
5289320
444581
4470568
9305
46936667
46936677
6102596
8078
22556917
15391
46936860
9600423
178051
447508
46936929
5326688
46936939
2384
83242
448751
2014
46936965
448752
5497056
4470378
5353308
444753
6119063
17753799
11840929
5326924
5326925
5326926
5326927
46937028
9547940
9547939
447492
199994
18432427
444406
9547945
5289192
4469994
4797
162569
446273
1682
668
5327006
4290313
74989
967
62452
1543
57030
17753809
5287621
5287459
4112111
10342449
15942657
15942658
46937112
24882195
25263414
159866
54385
1628
46936210
46936228
447994
1521
448661
449125
46936382
447450
444764
448024
1829
17753978
446871
46936546
444765
446662
448662
10033310
46936715
72886
444766
444695
447411
444763
46936885
448660
446665
21145368
46936999
5327154
17759780
5327152
9547959
16058639
9547958
24808499
17758920
447695
5327045
1757
9547919
5327155
10062718
449162
9547915
510684
1854
5327153
4369451
4369452
448580
15859389
984
7156967
656917
1102
46936889
6726
46936522
97032
3950
5362391
53001
9896036
448171
46936859
15991573
11553058
17756743
44563262
44422489
46937119
46936188
447536
46936250
46936255
5287463
867
46936356
46936380
447532
447537
5289215
46936576
5287461
447531
46936624
12793
5287488
5287550
46936723
447534
46936765
5287465
971
75791
46936988
4369496
456214
10915062
24905143
16040294
24905142
24905153
24905152
46937131
10401956
5328969
9797919
71715
448238
448008
448014
5326739
5287844
5005498
2079916
25181321
16757525
24894167
24963048
11175137
5327109
10172943
25200860
19910
2740174
11809364
11120251
6435415
114683
8758
180559
119828
15606
19
46936260
151483
46936871
449146
2761815
446967
440114
446965
45480634
68205
3383
4447
447154
446476
444394
447364
3256861
446966
5496653
449244
449242
449243
449245
46937159
445650
1174
17753798
46936271
165151
447405
46936617
46936628
46936750
46936803
25920890
9845059
446336
46936268
46936724
6335949
23729147
24978486
24778299
6338594
448332
445936
4369593
4369594
6324649
6093202
46936772
17754112
446611
65389
4369560
124969
445824
5288082
5288190
46937104
3082654
449487
46937161
65302
46936187
96
446167
2334
5289354
46936656
122623
447638
46937054
6324670
24880018
46936966
5288998
8955
66898
5880
24485
11963739
76008
12219
46936416
79124
444235
4474585
4633679
79084
11646
6419780
447805
46936847
46936880
5459816
14925
448668
6862
24768549
24768551
24768548
5289388
44229079
446947
447682
5326637
4634231
85466
1694
5326976
5326977
5326978
3220
5795340
24756824
24779674
24779678
24779675
24779676
24779677
23656870
5281855
5894
5004
90206
5287990
447956
5288527
118458
4564
447652
445967
449088
447961
445966
447958
17754027
5287989
1707
447955
2608
5687
5289419
314123
5289321
445940
5288222
17754054
5289179
9547884
445840
3543
447960
447959
5330608
5494414
5327131
1712
16046126
449087
1540
445841
21066379
15942652
448994
44629555
4566
9601217
447766
6918710
11304412
4565
10339710
10138993
45273683
11957417
5287845
445958
445957
46937079
5828196
23647652
5729339
23647657
5951796
23647659
447962
5327130
5327057
5288016
5288017
5288018
23586145
23586146
23645578
11574606
9859248
445952
445950
445953
445951
24963033
24901723
2763754
447653
16113377
11270500
25138278
6918852
5288708
5288709
5288710
5288711
5288712
87031
9926933
9994066
680935
24864077
24864078
24864079
24971312
24971313
24864082
11338033
23727981
23727982
11987556
11840966
447649
447656
9547890
447655
25190761
6852201
398148
44129603
9952008
10224714
5331010
21066087
46937158
9991833
21066096
10249180
10317619
10249182
44629554
10042950
5289411
342
46936213
46936530
46936647
46936214
8515
6540289
16058637
6852206
9543521
25113171
447873
447872
5326727
16750106
766948
16129582
45268539
46937116
45270264
44224261
24801862
10364826
24801863
25203945
46936216
46936347
25322948
165879
46936798
17754162
1400
5287438
5289424
46936331
6398520
5289258
5289294
46937105
980
46936227
6997328
1523687
46936506
46936603
440173
1005
439278
445375
447371
447076
46936771
657081
448372
46936995
7464
46936357
5289459
46936760
46936785
6323197
46936829
444650
5287737
4634717
5288602
446501
24820112
5289460
6323526
6323527
16028
104904
448271
45480632
444144
5288514
444107
3256857
446757
444705
1808
5288259
46936513
46936663
5288988
46936741
46936822
5288867
46936931
448022
46937081
10062713
10062714
5288616
11464526
46937137
11840970
5289428
46936242
983
23700
6380
46936661
46936190
10342059
9548598
5287620
46936439
46936559
46936733
46936806
5289288
92105
11840920
5289284
46937019
46937020
6436219
445999
46936472
46936192
9577091
10442
46936895
87901
46936781
46936809
5288139
448524
448513
5289336
448503
5289339
5289333
15991574
453551
46936692
4867
31275
46936317
11915
997
444302
24180714
676157
6995013
5287792
46936581
24178119
24178120
24178121
163626
23305354
689043
5289613
6323362
16122594
23655000
44602427
101989
16842
5287610
46936625
12308870
5564
171833
5288371
6336819
15648760
8063
46936265
46936313
356
448326
44308490
3064778
46937039
46937040
6914613
46937052
6914614
16043304
448642
5327110
11608401
16122632
16122633
15602983
15602982
16122635
448043
449241
449240
3540
16122634
12412578
691952
24762195
11696113
42627562
3547
11314340
16122642
4627204
3537
3534
447098
446244
446245
1881
447099
1032
46936376
46936476
44387838
17754131
46936270
3260017
46936595
46936927
46936276
46936278
46937002
736407
5276854
3581192
46936281
46936302
14620017
46936563
3034794
46936836
46936481
5281672
5289247
6852165
6852167
622262
5287855
24905144
15295578
16741237
44631903
11992146
10389239
1949
12389
46936757
2138
657077
25113123
25113124
24180717
46936289
4357
4359
4358
4149241
6420119
6420120
6420121
10975968
14607364
46936405
46936552
11206370
6914612
9817381
3572
449500
774282
132519
17754166
5326843
24180722
11674979
5289418
46936613
4858
439299
44129621
1082702
7023019
2776424
22690393
24768560
22692237
7060565
44129624
44129623
2776332
44129620
346926
123982
185914
70931
46936298
453552
6602106
5746425
4471892
5289348
2761494
5287408
2723698
8333
5288147
5494386
23647357
22850133
6610318
23647358
46937062
23647361
46936638
3802528
46936932
5287869
5289332
46936309
6540623
3035817
21081761
17748441
11560856
17749728
25113181
24864821
24901696
24779724
17753852
46937033
25163987
9826528
25023709
10150081
1535935
46936318
46936510
46937013
46937018
46936319
46936334
961704
5726921
13602803
25076
461279
46936436
65355
46936575
46936697
46936877
46936958
46937003
65304
9084
7478
8094
46936718
880
446876
131505
46937097
233240
408285
6323244
108156
439285
4971
445032
46936340
73271
69672
46936350
46936360
1003
46936791
12057
447911
446833
656932
81831
46936368
439553
46936964
10465168
439731
5288324
7027
9600408
9600421
46936369
11290116
24768527
11995761
3699841
25138203
11586735
11659487
10397869
11701820
11500493
24748051
24748050
42628075
16040323
11651760
831616
25134249
25134250
25134251
25134252
25134253
17749735
11507920
11633167
448009
9819610
10411846
25229552
449003
447629
46936387
46936841
46876838
449462
46936657
447336
24808489
16058649
445651
16122585
5289324
5289373
644013
123648
445715
25138289
46936371
439162
46936529
175468
220010
5327092
11987878
11963551
11963552
24916788
159772
11963557
24894130
24880024
24995524
15602701
9549303
24893974
5403336
46936403
253602
439530
451597
46937022
46936407
198253
1715
5459861
46936408
63306
448889
98487
657038
148140
1511
1720
11960529
9925908
448890
189150
4369446
87517
5288210
10133
17753849
449096
444732
10379137
5287979
46936420
656989
5288251
447329
10765798
447066
447945
46936940
46936426
46936526
46936893
444306
47936
444894
447701
17754049
46936440
4369343
5388929
903
46936456
46936954
46936447
46936762
46936475
8617
46936479
222528
165331
5288266
8153
46936503
46936967
3269221
46936514
46936901
46936519
46936666
128419
151243
448632
5327073
2378
12229396
11963944
9824580
447297
46936855
5281
46936562
446073
21439
1609
446386
5288600
129236
757
892
501640
3016416
3034285
5288033
9547935
446845
5289085
130804
10972974
5287429
447400
46937089
5288850
46937133
5288878
24883486
46937155
24883488
643330
440776
321
46936777
5312804
16122567
46936587
46936597
5326412
156126
11952989
11544170
657098
5287799
23648296
5287870
11840930
11840933
11840934
6420159
46937102
9547943
46937163
177120
448573
448572
79718
657096
657095
46936665
4369390
2374
25195347
5288685
794323
6857690
1190625
16122638
11655511
15942673
11675645
6102824
11840968
23586165
6102761
6102762
6102763
11957393
9934347
25295
637542
46937058
46936696
6914609
5281614
4470566
2969
46936732
11668
3332
323
11171679
11229234
11332763
75846
46937142
11143173
9933197
447966
5287512
5287525
25138294
10267580
9998128
1014
17754068
700
5288116
6540255
46936905
1015
5287692
444853
667639
5289474
4369579
23653507
23653508
11705956
23653502
23653500
23653503
5288145
5494413
6857711
443600
159596
17754130
499953
444108
11481186
1369
6951123
78798
567
77918
69602
5287779
181976
6419789
46937115
4369491
10364585
24778473
11602832
9978312
11691442
5459361
121945
5288113
4369442
5494425
24180718
9926791
11492186
24963047
25138280
399618
10062702
3002977
65781
121396
11502647
6914568
10156987
3506204
6540273
19826721
16129574
10125830
708346
16058617
23657800
24752838
11348631
16122643
9844011
5327122
4369434
4369435
848641
4369432
4369433
5327123
2059510
1587957
24941248
24941249
24875313
17975425
9861547
23627203
6102708
6914621
24800833
25049750
42627769
5288615
5287467
9547909
216454
445015
46937103
447278
6914659
6914660
6914661
11987861
46937051
25210531
22479942
11304895
6857688
6857691
6852141
6857692
6852140
6857702
6857719
2782689
6914624
23624249
25058136
11840911
5330197
24836813
24836812
25011728
25011729
25011730
25011731
24861080
210332
78058
42627755
16741245
5287739
46937086
46937134
54929
11790
443118
16224058
24894158
67532
9543513
46937100
10219702
11291932
6852193
11840941
5288581
10062720
24836811
24836810
5288573
4369424
24875320
5329103
46937118
16040281
588963
44129612
2856
6420152
5403427
4722579
115069
46937145
6419766
10308106
23586154
11987888
853608
