1051
44176380
91443
6274
34756
1060
6140
171548
305
5962
6322
1103
5960
6262
5961
6083
5280934
5951
6137
6057
5283740
67678
1110
493570
439174
33032
124886
6323481
750
6433735
1050
586
857
6305
5862
1130
5280793
5280581
9750
6288
439153
446284
5950
6287
445354
14985
1054
6112
6306
2242
5283711
4055
5957
145742
190
6267
54687
5324346
60846
5362129
71398
82153
2284
5826
444007
942
83898
3958
59768
93860
5281077
34359
4771
52195
33741
2369
5591
65028
5460373
2519
5314
5212
71329
4993
5770
5472
5596
60164
4195
5462340
41781
2771
77993
6324770
152946
5749
3762
3476
71414
38521
53232
3226
5486971
5391
4121
4649
65856
4197
2479
636374
2481
20279
56959
4075
6832
60854
9681
54746
441383
1775
247839
448537
2812
42786
2578
4171
5095
11289
3784
7741
5284627
130881
2179
2153
152951
5920
3114
3676
4674
441184
5656
23667301
5282226
443958
54841
5360373
36339
104758
40976
5288826
71273
2474
3033538
5526
40973
606974
82146
60753
40839
2732
3295
4737
3121
441240
1983
123631
5284371
10531
2160
5790
4659569
9878
11963622
5284570
3715
4091
43232
4095
4585
2249
17753757
4167
5405
4976
2092
5576
115355
2789
4201
19090
8226
6729
2733
2145
4046
1125
60780
2818
17753760
3162
13109
439260
4205
4064
5440
33624
54786
5572
148211
9051
4178
71384
2162
1935
4642
5546
41744
4919
6041
31072
30322
5355
3290
4497
20469
5994
26934
216239
68740
4499
969472
168399
2118
772
3964
54477
2551
77999
59868
1989
24244
31143
51634
4926
5833
4158
64692
5732
5284525
727
6256
4917
2913
145068
2315
2094
446156
5578
60750
9782
34698
41867
298
3105
3168
5819
8378
4058
4893
3696
6437841
4409
23724781
4099
5248
3826
31304
3229
8549
16078
5281040
3386
10770
9034
2712
60835
2726
216326
5035
2662
67425
2435
5284592
51081
5253
2477
441314
55891
5281081
444031
5284603
4760
3397
5509
2756
3559
5359371
20299
13109
5568
853
23663956
68949
564
5360696
657201
2082
5484727
2583
2329
444795
4170
3025
176870
4060
5090
25210
6915944
3520
2764
3005573
4543
5978
5362124
2170
3385
4991
37632
5311067
2266
657298
1990
439693
3878
104865
3156
2343
126941
2554
62886
1547484
636380
241903
4946
174174
3342
3337
2803
4020
119607
71616
10917
5362032
3033637
3033
444036
28864
3157
6215
4837
3291
16231
48175
3869
3000715
7638
46936176
10631
2769
1548885
2910
2719
5906
6916249
2405
2165
6323490
5362417
8280
5291
31307
5878
4474
3372
6013
439542
938
2809
5702063
2088
119182
68602
5865
2796
2247
60961
6419910
60843
4030
36523
3180
15330
4211
54575
3182
441278
24083
5282380
5870
5533
4032
71158
2520
443980
4493
25077649
65513
5816
5358
4848
2727
151165
908828
2733526
5936
3961
5452
34633
4192
62959
37720
31378
5281078
3393
91270
5775
30323
3440
8223
5487
34040
150310
4100
5360515
129211
57166
41693
60852
3052
3394
6005
43815
50294
6230
25419
4914
5362119
6082
57469
10429215
5584
4510
441290
6126
443871
47319
5353894
5073
47641
4735
5070
5754
60490
4236
5184
3308
4906
3241
441233
3763
3292
444795
3598
60654
60606
4873
60838
1349907
123620
441350
2342
5281071
408334
5280723
2784
4004
36462
3647
60947
34312
4940
5480431
3675
4934
5757
4044
119031
1302
55466
107807
4909
5359476
2541
5504
3467
5381
3341
31640
51263
3042
4199
4740
4935
3702
5593
2381
37542
4781
3345
4086
4943
1986
110635
2581
3117
9270
1676
16666
3016
4762
5566
55245
6834
3955
5361323
5282493
5503
36811
4616
3152
5360630
15209
6058
26879
8271
4748
5353562
7028
137
1549008
224004
5755
3059
110634
3001055
445647
2341
2119
33572
7699
3154
5359
5403
151171
444025
5281878
6398765
2720
54892
1548955
6883
5245
2471
3510
667476
4633
13769
119212
39507
5556
702
60815
35330
3278
4595
5311027
60648
5760
441074
5734
5281104
65981
8944
8249
2130
5280360
123606
3827
40400
3033825
2895
4768
5282375
5702160
9444
5282381
4078
4011
4636
338
7029
5152
4037
4097
9434
2911
5965
2244
104741
3331
4440
5078
5284569
6540478
6741
4828
4062
5719
60726
2216
65999
38853
2099
150311
3108
5991
3948
2905
208902
5983
444795
3410
229455
3494
6253
681
77991
60198
4614
157922
2265
3446
31703
77992
3639
2083
92253
27686
3657
3902
5482
3825
3202
4174
156419
32798
6335412
3488
3519
2370
27661
5560
5280483
3333
446541
2161
4116
3749
60700
3284
4911
667490
5282054
4913
60774
26757
18104
3339
5426
4054
656719
9642
592735
3672
4507
440473
38945
10547
4539
4634
441185
3779
896
3478
2802
4927
5281010
30751
4746
60823
3305
5487301
5665
13505
3034010
5910
2337
4908
6443959
8550
5850
2484
439501
679
72281
1548972
3899
6439133
3366
16362
60953
60789
237
68617
5210
54385
4162
656583
4189
4680
2725
4485
74989
2157
3019
3475
4753
2131
7099
5505
2197
152945
3198
2375
52421
6178111
4829
60937
13126
60169
2585
149096
5342
667477
2141
3038
3103
3354
4449
2995
3032285
444
5583
2431
3562
5282415
8612
5401
4583
2754
55283
518740
3518
4235
4601
4763
146570
6726
42890
2717
10607
5280954
4932
5284596
3151
6446
47811
42113
3337
5284604
1978
68844
3356
18140
44093
5735
6000
31101
441341
39147
4212
3373
3950
5362391
60464
40841
39468
3406
31477
3261
57363
2187
37393
6914273
6436173
3821
63006
9433
5002
772
5281042
15130
48033
36314
3055
4168
5743
6047
5206
60795
667466
5282411
3463
2801
2351
2968
3759
148124
91610
3047758
443884
3062316
11597698
5493444
208908
5311066
4369359
451668
147912
115237
5329102
5310966
3083544
3637
3011155
71715
151166
6420006
3343
32778
4845
16682734
2372
439213
443371
656652
56339
4870
6307
656510
60169
21233
441289
50192
39765
132706
60921
5311447
60919
2164
6464
6473
10518
3608
28486
6291
37464
9294
3677
688561
3052776
5359268
18502861
888
5745
9565
5875
60663
8969
39042
6167
68873
441207
5161
4456
72287
28417
2783
54766
3086654
444033
115100
5429
68723
5995
19910
43008
3698
2218
33887
235905
10517
2206
5282181
3487
4756
62296
3037032
26175
10668
5462328
1615
14584
5359271
31721
236666
2294
6089
3003157
26721
62751
62156
6128
13308
3380
26644
62436
2441
2811
28204
5359421
3369
61996
5826
10836
12460
4631
71371
31401
33746
4890
4999
216457
3033621
4506
6435415
4912
5468
4747
3652
8053
23723
6077
3678
23897
62867
9429
941651
5311507
3775
4688
123619
5288596
15606
7339
17753798
9700
449159
5280961
448580
449190
446336
445936
4369380
6324649
17754112
447195
4469371
65302
8646
14309
19
46936187
5460307
46936188
2334
5289354
5288320
123831
1944
446094
5748447
447315
4469994
1175
46936193
15107208
46936194
446611
2386
5881
11963739
9923
46936196
6419780
46936201
5353305
447805
15859389
448668
444348
1628
94599
131624
25022057
449120
446605
4347
6862
46936206
446947
447721
96
46936208
447682
185915
1282
46936210
447488
448238
342
46936213
46936214
8515
120231
647
46936216
154575
448008
165879
46936220
656949
1400
5287438
114683
46936223
46936227
1005
46936228
46936229
11776755
76008
657081
9896036
446202
446167
439202
46936232
448269
446399
6995274
259994
448372
46936234
46936235
6228
16028
1808
5288259
46936242
46936243
13830686
6324623
447536
174
445999
5289424
440173
46936246
2281
17754173
689043
447256
5287990
101989
46936249
3662
46936250
6105620
46936252
16842
5353303
46936254
46936255
165339
1045
8063
46936258
46936260
68238
854026
4627204
1779
46936262
1800
46936265
3922
284
46936266
5287792
2403
5287463
447725
445856
448014
445501
27934
448055
8064
3537
656969
46936268
6328756
30819
65389
444612
17754131
46936270
46936271
5748251
17754162
447732
6997328
444965
4369379
46936276
46936278
46936280
7970
1649
46936281
3534
448436
46936284
447371
44120114
124992
447994
1949
2138
2120
449156
656911
46936289
4357
688267
10975968
3572
15648760
1433
8060
449500
448006
3387240
5111
5326739
7419
448457
158397
17754180
447048
5478838
23646721
46936296
449593
4290
4368
1521
5353439
22820300
656912
8189
286
446308
12374050
46936298
46936299
446275
445383
17754156
447956
46936302
7054
447340
453552
6102530
449156
72194
447815
3870203
17753786
4471892
12717
4972
448062
7464
107971
4592
448940
697959
5288319
5724
5287869
1337
1053
447029
46936309
5289348
3035817
1549098
46936313
14463
46936314
447234
46936316
46936317
445443
4939
46936318
5326637
867
46936319
13602803
223368
65304
5353306
5288238
23700
5288527
6227
9084
5287846
1893
1055
12374
5289295
4995
774282
24417
46936324
3013848
446241
5287571
5289507
46936327
5139
9577091
46936328
11579
46936331
8076
23644096
132519
9887303
448661
1755
108156
967
46936333
3371
448718
446978
46936334
1021
446816
11915
1550916
688097
4971
5353306
10904076
5287541
31260
118458
445032
6376277
46936340
5288139
46936344
168131
11892832
46936347
14607364
10376202
46936350
46936352
3776
6323374
5288538
46936354
15689
46936356
446994
5702548
65249
46936357
78057
25076
447249
65241
5288814
16129704
90334
46936360
445756
46936365
448969
446833
46936366
5326667
5287415
81831
46936368
5281672
10465168
764
46936369
6992084
446124
53359
445715
447873
529
445732
50599
46936371
1667
12219
447733
4470790
448650
447098
446506
175468
4564
220010
104406
449125
46936376
46936377
46936378
447021
446237
6602106
46936380
448748
46936382
46936384
356
71384
46936387
46936388
12530
5288108
155448
6324670
46936391
25322935
159772
657073
1507
7504
46936393
445576
9577091
46936394
46936338
46936398
447735
193653
31378
446276
80654
10976469
46936401
46936403
15906
4635864
447622
46936405
444718
46936407
46936408
657087
3711
17753820
448400
1549107
46936411
189150
439162
132213
5288641
6119062
25322948
46936416
2146
2144
447652
5139
448524
5288210
5311
46936420
14620017
448972
447731
445995
46936422
656989
6140
46936424
448249
17754203
46936425
46936426
17753849
60817
461279
444306
46936428
8200
70931
5288251
444617
208908
448513
47936
449633
453557
5289469
447701
1604
445967
46936435
46936436
445770
448326
1523687
62452
46936438
447339
447450
46936439
444764
46936440
7057884
4369343
172469
46936266
46936443
3260017
72081
46936444
84704
5287494
79124
449088
10918
448024
446056
3973
221493
9578243
46936447
1829
11861988
447629
444235
21158810
125132
449462
9864
46936454
2761494
6992084
5289344
63306
46936456
5702551
46936459
444599
936
447736
445154
151483
337359
46936464
46936438
6338594
46936467
46936468
77022
5326608
529
447030
5289613
46936472
67361
448991
46936475
71081
8617
2605
46936476
5326514
453551
46936479
448965
46936481
1048
46936482
165331
447532
123648
8058
5288266
46936484
2084
10442
46936485
8153
5245
447742
17753978
8955
7478
46936494
46936496
446127
46936464
6327654
46936500
87901
447196
46936502
10176161
70119
445062
3396559
446871
447546
1003
447961
448658
46936503
46936506
440046
5326934
65533
198253
5740
5287556
17753955
5880
5287408
453549
46936509
46936510
446242
65077
46936512
46936513
17754178
46936514
4630909
10869340
5289501
46936516
65355
446414
46936518
46936519
84815
46936520
9543424
445966
46936284
15
46936522
447537
46936526
445109
447958
449096
5723
447229
4849
1715
46936529
46936530
56069
188350
8150
3710
8094
5287453
128419
46936534
6992084
17754027
6119
5287850
5287989
46936539
126569
1707
448632
46936546
11740154
65258
1714
4293
17754220
5599
6102595
3311
2513
17754166
261000
40539
13134933
5289508
7389
46936552
46936553
446382
46936555
4973
46936556
5326682
3893
447955
46936557
46936559
448171
5288557
4797
233240
9888340
46936560
4634231
446239
8758
46936562
46936563
156422
5289529
73271
446073
53001
78607
21439
46936566
446753
5289037
446386
1894
657141
46936569
448889
98487
5289215
46936572
46936573
448605
5288600
447872
757
448288
439685
46936574
448973
6380
408285
24239
439236
444765
46936575
46936576
892
7245
5287461
17753852
6101
1372
62852
6234
5287429
446998
46936581
444655
187
5289336
46936582
1567
162569
46936583
446273
1746
5289232
123895
643975
4369560
165151
445463
5791881
446662
46936585
46936587
447476
447478
1031
9863447
5289388
447271
46936595
656966
46936597
46936598
6323459
656981
46936601
46936602
5281
46936603
447405
5862
5289459
5326412
44387838
444698
2280
156126
5287610
447531
46936610
449013
4369101
46936612
46936613
6305
6409
6093202
46936617
657004
448749
5702760
22298966
5289320
2734054
5291
4369172
13830686
447076
46936624
446274
5460203
46936625
657098
46936192
46936627
46936628
6713579
46936631
46936633
177120
1387
3311411
12793
40489058
5287488
2608
66898
11767258
448662
688357
31275
46936638
46936640
46936190
6997328
46936643
5162682
2723698
46936644
46936645
6323220
17754181
4369285
444581
448173
46936647
9548598
1567
97032
46936648
446752
46936650
3991
5687
444234
448942
1836
449014
447329
4470568
9305
5951
46936655
1682
151243
984
46936656
444746
448573
13195
439731
46936657
46936658
46936659
79718
60594
46936660
46936661
165339
4474585
10342059
5745914
4633679
46936663
13922647
46936665
11206370
46936666
46936667
1174
439299
46936670
5289419
449005
5702665
6101632
46936396
17753867
5478860
46936677
5287844
46936679
449392
449021
46936681
10765798
447066
5288988
259994
46936683
46936685
439278
445575
46936690
448841
1396
46936692
46936693
1543
10033310
5459861
6713579
46936696
32017976
314123
46936697
6102526
46936699
5287969
17754080
46936243
448970
5287565
4470566
657038
46936701
46936702
65098
57030
5287550
4316
46936704
46936706
122623
6398520
4867
443388
25200860
46936711
46936714
6950578
69672
6102596
657096
46936715
13017
8078
12389
46936718
1102
264
447341
5289258
6468
447336
3034794
5289321
880
8333
10132
46936723
46936724
9257
22556917
5496599
46936725
4369171
2969
46936726
5803
448055
2354
6541399
46936727
46936728
46936732
46936733
222865
46936735
446505
5326727
4469805
447534
446876
11668
69020
448503
5288371
46936741
5353307
445375
611002
46936746
134497
72886
445940
46936748
46936749
46936750
445302
444766
1933
146719
6860
4359
44
5289415
5288834
6101904
46936755
6540623
5289294
129236
54369
46936757
1758
46936760
7966
79034
46936761
347590
46936762
8761
46936763
46936765
444695
6604901
36690637
148140
46936771
5748376
440776
162636
46936772
46936776
5288222
46936777
440552
46936779
46936780
445459
46936781
46936782
447834
446134
3777159
46936785
46936786
3140
9834298
448572
46936789
1032
5287799
12308870
6713579
2396
448978
4286
4754
5353370
134018
448011
46936791
13611
243
985
65063
17754054
46936793
17753809
51
656968
5289228
4478249
46936798
74190
5287465
439825
46936802
23648296
449035
4288
46936803
104625
12057
151170
46936806
6992039
46936808
46936809
447638
445843
5280883
65124
5438
46936815
4327
46936603
5362422
46936816
997
444475
46936821
6323197
46936822
22524583
46936823
5289310
983
5289227
6386
971
5289288
1176
17753777
46936826
1331
5702551
447966
44229079
85466
46936829
446195
5951
46936832
3802528
46936835
46936836
974
446286
1014
46936839
446277
46936841
2733514
44387838
10342059
447945
6335949
46936842
46936845
46936846
46936847
6713579
8778
444570
46936851
5288582
8747
15391
115147
445993
5172
46936854
447411
46936855
5287870
447022
17754068
700
5288685
167842
444763
1759
46936859
5746425
5289179
46936860
11963944
1511
446411
46936861
5005498
656932
4380
445319
9957008
5288799
5287702
46936871
657140
1535935
79084
448974
1478
46936874
446054
448610
5287890
637542
46936877
5288116
46936878
46936880
49
790
753
7156967
75791
46936881
46936882
46936885
4369103
394347
46936603
111509
44308490
6336819
9547884
347402
46936889
9600423
5287684
5289339
46936891
17429
5288588
46936893
46936895
178051
5288147
440053
46936899
564
46936900
6335984
445018
447027
448660
46936901
15433
444749
448055
17754049
92105
5288598
46936903
46936905
446244
227
46936909
439553
446916
5313335
446238
175
65098
445840
46936232
46936918
124823
5287648
193512
446665
160556
4358
378
447508
5280343
175496
46936923
440005
46936927
5289389
5414
5288867
46936928
448009
46936929
46936931
5326688
46936932
20689
4456150
89105
448976
7019268
46936934
448999
46936936
46936938
46936939
446758
215436
311
903
5288145
46936940
5287621
5288324
21145368
46936942
3543
46936946
444732
444972
2384
446245
5289289
443600
83242
447153
6453837
446049
46936947
9846239
5289086
448751
668
17754130
794323
123871
2014
11646
5164
193653
5326566
46936954
5459816
46876838
46936243
100684
46936957
2230
46936958
3037580
159596
5289333
1514
444302
499953
1662
444567
447466
444569
46936964
3396560
46936965
17753965
3092847
44462678
46936966
46936967
167250
5460203
3776
1015
9869365
447960
4437
448752
25322935
446165
980
447145
456468
5497056
1523687
4470378
5287512
643330
46936979
5353308
24485
444753
446094
91867
656917
3269221
46936981
439691
1609
321
1694
657095
439750
46936190
446313
656965
6119063
448915
11481186
6713579
1369
449146
46936983
132302
5287525
6951123
6327350
15648788
46936988
448971
5284549
6323452
5327006
5681
46936994
46936995
447959
46936997
68841
448022
46936999
15991574
170018
193613
21501
78798
46936347
439356
46937002
46937003
46937004
446240
46937007
4488
445892
5312542
567
181426
1698
14925
17753799
7027
5745915
5756
5284555
9046
205131
5494385
5494386
77918
5287459
657085
5327104
6852220
5287492
5326876
181976
2196
4369414
4369413
451597
97297
5326888
5330608
4369491
5388929
5326966
5326967
656986
5287586
4369393
2901
69602
11840920
5839
5287728
5494411
60852
5287779
2374
2761815
5326884
5326885
5326886
5326887
23644529
5753
5494413
11840929
24466
21307
9600408
439285
5459361
5494414
5327073
323
5327131
5326879
8631
46937013
121945
5288103
628327
5288113
4369390
104904
6102812
24360
46937015
5288332
5326960
115260
3064778
5326911
1195
5459373
5494425
5326976
5326977
5326978
4369429
4369579
5288688
4369446
163626
46937018
4369496
10972974
4495
456214
4369442
5327013
5327012
5327014
5326883
5289109
5289110
5289111
5289159
657077
5289214
5327150
5289247
4369502
5494439
5494440
5289284
46937019
5289296
9600421
25945
46937020
5361
4369524
444412
5326924
5326925
5326926
5326927
2378
5601
46937021
5289514
5289517
3016416
5327154
5282761
23644280
46937022
522325
4528
9801
5365247
3002977
34869
2893
5284537
2966
941361
3396
4057
6018
23305354
71301
644241
6918537
11953931
444020
53708
23725064
65833
9574101
40326
108143
30668
10180
6476
61635
65781
3671
57537
16685683
60149
4184
104850
71364
6918456
443940
6918523
216235
5488548
23724530
2159
11243969
446154
5709
6445226
2366
44151801
125017
4158
6918558
22297
164739
1993
6429880
4436
4494
7558
3038497
219090
1712095
9854073
121396
10133
443936
151075
65015
44129621
17759780
5276520
6852165
5388909
16122612
9968957
23653507
6852167
11143173
736234
46937028
46937029
6603746
444894
1712
23629654
5287418
25113123
25113124
44141860
1082702
11502647
25113614
5353305
6102526
445849
4300
46937030
657007
6323178
447400
5311027
448123
5496862
90206
42615253
448677
6857686
9549180
6102691
6914568
6096886
25113126
46937031
11840904
25174101
10915062
9549223
5327152
16046126
11069133
46937033
8193
21081761
24941248
15897928
6914625
17975425
11742
14205264
9549225
9821178
25113127
46937035
11500273
16115747
7023019
9547940
25011732
11634458
23653508
9547939
24768537
15991573
6443013
656953
6102781
25113616
11290116
5276507
17754396
16750106
25113617
5326826
11167118
16122596
10134493
42608445
25113615
9861547
449087
9933197
25113128
1540
444650
5287467
11245700
5327103
10095904
6102788
46937039
10456828
24180717
24941249
16058668
6914626
25210273
5326979
16040268
6623
3100
445841
46937040
24180714
24768549
24768551
24768548
21066379
6914612
15991546
180559
6914659
11987861
11427975
24808495
46937042
24768547
17748441
25220914
11560856
24180719
24180720
24941263
9797857
24894153
2823014
46937043
10364585
24894155
9969613
5326827
10134160
11740318
24768528
2079916
24752844
46937044
25023710
24768527
22479942
15953860
11304895
6857688
15942652
10156987
11987860
25011733
16058629
10157080
16058630
445455
656936
46937045
3506204
16758226
6540273
19826721
24892823
25195347
25163987
23653514
24812720
18794
46937046
9547900
448994
11545694
25181321
6914627
676157
961704
157839
6857690
44629555
15991547
23645698
6914660
450268
11711595
6857691
11538992
622262
6852141
16129574
447734
6857692
10125830
23627203
447912
23661697
447911
25271577
6852154
46937048
24963035
11995761
24963036
11554165
10450624
2776424
24963037
1720
22690393
9796161
9826528
24768560
22692237
11957380
5227
6914613
2782689
3699841
24875301
6914624
20843156
46937051
10072851
6102690
4073054
6102708
16758228
46937052
24180718
4566
6914661
5287523
180621
9547959
25134248
46937053
25021183
16058639
11495704
11705956
9601217
3038525
25210476
25093369
44144378
44144379
25113125
44144380
6914621
11553058
24800833
46937054
16757525
11357504
46937055
25138294
10450114
24808489
23653502
708346
11213558
23647357
11492186
24963047
447766
6918710
46937056
123619
9884318
23624249
25058136
24875302
9842606
6914629
25138203
46937058
11304412
11840911
24832041
23653500
16040289
11963557
6420118
25049750
42615254
11710963
25113172
6857699
7060565
9547958
656952
11221386
4565
6914614
10180201
11586735
6420178
46937060
46937061
10339710
10095865
6852140
16058617
4369359
9956726
9547909
766948
6540289
22850133
10138993
24836815
6610318
23647358
46937062
24778473
216454
23657800
447492
10286462
23647361
11960529
42627769
15295578
16043304
4369551
44129624
11572962
24851688
24752838
6914633
11659487
16129579
15942655
11957393
5330197
24836813
24836812
25011728
25011729
25011730
25011731
24861080
11602832
44129623
2776332
44129620
445480
24808499
16115004
9978312
24894130
10267580
16058637
23653503
6102822
11592154
6852206
11441375
9543521
10343728
9911502
9820034
11987868
10397869
11701820
16129580
9882972
9797919
17758920
346926
445460
447695
17756743
5327045
6857702
44176356
5312830
11500493
24894151
24941253
1069140
16105493
11348631
6102820
6102684
16122643
24883477
25263223
44585557
24941258
13373715
9844011
6102821
6102685
6102686
24832022
17755582
23658582
11840913
445651
9925908
4369498
4369497
24905143
5327122
23270857
210332
20541332
78058
24748051
24748050
1701
5287620
10379137
16741275
46937065
5287652
11840917
9819610
10411846
24880024
24995524
15602701
444607
5326843
444238
199994
17749728
446967
253602
440114
1792
448285
6914609
124969
42627755
445824
5287692
5287703
6128
4290313
11149707
10221335
4369084
11505541
444853
16070039
12148754
25174099
208901
444224
3034285
16741245
9886249
16741237
16122553
263366
42628075
448271
5329102
24892822
46937071
10174090
9824562
9862248
44129642
46937073
44631903
45273683
5287737
5287739
54929
216239
324690
446965
60817
6540255
25271580
11302
25138289
46937075
447950
11790
5287785
22489160
448943
2398
448642
2352168
9934347
5287789
6914595
11235729
12598931
24178119
24178120
24178121
11957417
16058649
387447
462919
3332
5287834
1757
10198228
44176354
232446
11712628
399618
10062702
18432427
5287845
21124461
5327095
11840927
2797541
445958
10403821
5287855
445957
444797
446805
46937076
16750123
11616886
24812717
46937077
16040323
11840930
46937078
9543486
25295
24180721
24180722
9543487
24812719
46937079
10457944
5828196
23647652
5729339
11651760
24812718
23647657
5951796
23647659
6323244
13023332
6914573
9549303
16224058
447219
6323250
656913
119182
46937080
446504
92745
443118
447962
46937081
2803
4369568
831616
5287955
119607
93114
4369593
4369594
5327110
24798741
24798742
5287979
11840933
11840934
10062713
10062714
5327091
5327130
11188898
5288002
24836816
46937083
9547923
5327057
9543437
24894158
11171679
5288016
24764436
2763788
5282230
695906
11229234
5288017
16726072
11332763
5288018
75846
24856362
23653531
23653533
6857711
654376
24752832
24752833
165323
5288033
67532
11197931
46937085
3492020
23729147
24978486
24778299
5192
4112111
4369434
4369435
9547919
46937086
848641
4369432
4369433
9543513
131505
5288064
5288066
5288067
4708
5330812
9867609
16750059
5288082
447297
45480634
447458
24894167
10219702
46937088
16122567
3383616
24794392
4474224
23586145
23586146
23645578
11574606
222528
24941254
25210493
46937089
650361
6419789
11987804
1150567
256737
12773795
23728517
11368987
444849
149790
11149479
6540261
10708341
3220
45480632
16750073
979
5327155
854023
181137
11395145
4680
3295
11992146
10062718
9859248
6852193
25134249
25134250
25134251
25134252
25134253
10062720
46937090
1700
11840941
23647763
5288190
445952
445950
444108
25113157
445953
1723
11987846
25210531
445951
9547935
68205
24880018
10204
5288215
445015
6852147
57363
3383
446845
5494422
445713
448903
444144
449015
46937091
448890
46937092
24875313
24963033
24901723
11987874
46937093
11493598
5281614
5288257
3440
24794406
24893974
5795340
16040261
9860102
17758361
10089048
24963048
4447
46937095
46937096
10224181
10182969
12106168
16040279
10477723
23644582
10200651
21078798
24856363
46937097
11952989
5726921
6420159
11674979
6420192
11149906
9549259
9549258
25113171
46937098
6852168
9549257
46937099
24798721
2763754
46937100
11608401
16122632
16122633
15602983
15602982
11175137
16122635
1881
644213
24866443
448979
42628060
4395717
17749735
11979006
448043
6914564
46937102
24836811
447154
5288514
446476
6857719
6323362
447653
444107
46937103
4634038
46937104
5288561
2740174
11809364
11120251
6323374
9929643
6995013
5288573
444394
4369424
46937105
5288581
6540277
5280953
46937106
46937107
46937108
128564
448258
5312804
192197
11531308
10286159
448953
16113377
448167
22049997
42647299
9865587
448955
10114365
5327109
3038
11840955
802
3758
4634717
5288602
446501
5327123
5288615
5288616
16040294
11464526
9547901
25113181
24875320
6540267
6540268
10342449
15942657
15942658
46937112
46937113
86418
16741227
11270500
447835
16741228
444406
1948
4369082
4369080
16750040
11507920
11633167
449241
449240
3540
123631
11494891
11660035
449162
9547915
46937115
16129582
24882195
24820112
25263414
5329103
45268539
46937116
45270264
24798097
25021186
9927355
44224261
46937117
24801862
5459374
10364826
24801863
4636204
24178109
10039403
1190625
16122638
11522441
11655511
46937118
5312137
123982
24941243
15942672
11974440
5327092
688424
46870043
14086997
5413034
16739331
24905142
24905153
24905152
44563262
44422489
46937119
11291932
312145
6420149
449126
449127
5288679
5326866
5403336
25138278
25138280
46937120
16122634
23653530
10172943
195347
6603901
24864821
6436219
233979
44144383
4369325
14899645
9944398
11428356
11560224
5326868
5326870
5326871
6918852
6540299
6852209
9543517
2817424
11963546
24901696
12412578
691952
6167
25229552
3082654
11483970
5288708
5288709
5288710
5288711
5288712
25023709
87031
9926933
9994066
680935
24864077
24864078
24864079
24971312
24971313
24864082
11338033
42628063
510684
24762195
11696113
42627562
44263483
24754814
11987878
745994
3161908
16122582
5288720
3547
25181315
16058650
96876
24851689
4139
92249
15942651
10250490
9954980
5288795
46937129
23727981
11779786
447278
23727982
9926791
9547945
736407
448763
896
115348
11544170
46937131
2726820
9547943
46937132
15942673
446980
446981
891831
447099
10150081
449003
5288850
82315
448332
11987556
11840966
9845059
16040281
446977
4369567
1504717
46937133
5281701
11005
10135836
447649
25058133
588963
44129612
46937134
8408
11675645
87517
447656
23400214
4754
6102824
11840968
9547890
447655
159866
23586165
5288878
8420
4149241
6420119
6420120
6420121
14357
5288998
46937137
448002
16040257
15942677
501640
25190761
11840970
3256857
5276854
3581192
11963551
11963552
447364
3256861
9999276
24905144
6852128
6006216
44129629
44129630
44129631
6852201
398148
4122
24752837
9817381
11669698
16122585
2856
6420152
5356
5289085
446966
16122594
23655000
44602427
24756824
447700
24779674
25920890
46937142
24779678
24916788
46937143
4858
42647297
16750094
24963046
24755476
24779675
24779676
44129603
5403427
8179
10389239
24779677
11493841
23656870
4722579
11691442
24832027
12229396
5289112
7020128
115069
4369560
5496653
46937145
39042
11516136
1122713
44141871
24892821
11610553
11581936
657061
15991588
11955614
2059510
1587957
449244
4369443
1854
1530
667639
25243828
5289162
194777
446744
449242
449243
5496653
449245
446757
9804302
10607
9912519
5289192
23586040
5327066
5327067
445481
42608447
23654841
448968
439530
119828
9952008
25058141
11160307
24180585
46937152
10150441
9998128
130804
6419766
16750071
10401956
10224714
11373270
11840979
185914
5281855
5894
446676
9875401
425841
2730282
5494443
5487313
10274777
24856357
122335
447359
447360
478379
3342298
4369
10308106
5289314
447362
24883486
46937155
24883488
46937156
46937157
10320144
9543420
5289324
24871491
11840981
23659732
5353980
9822610
445646
40467016
5171
5289332
5331010
25023881
4747355
21066087
46937158
9991833
21066096
10249180
10317619
10249182
44629554
10042950
46937159
4369485
5289373
5327153
11653652
25203945
24812721
656909
2742752
9896504
445650
5328969
449487
46937161
11314340
16122642
5289411
23586154
5289417
5289418
46937162
24779724
23647311
11987888
4369451
4369452
5289428
15942662
25147494
11524144
705712
3032732
5564
171833
9824580
6102761
6102762
6102763
46937163
24836810
5289460
24832019
24764430
644013
115224
46937165
33624
5289474
11138
369976
6323526
6323527
46937168
4369141
6604229
444705
46937170
853608
15083623
14611919
5004
25147495
