c1	t1	84650	133522	2101
c2	t2	260425	6166	140886	286827	29079	10240	56829	154	23543
97472	84279	1621	155	154	260425	153	94015	146227
3645183	22899	140886	286827	6166	56829	10240	29079	51373	85316	29931
5315477	22899	140886	286827	29931	57541
5317234	22899	140886	286827	56829	6166	10240	29079	23543	29931	57541
5317532	9630	154	155	260425	2870	3360	84650	23224	94015	146227
5318157	22899	140886	286827	56829	6166	10240	29079	133522	23543	29931
6325360	57579	22863	10814
9985078	1677	51634	2713	6166	140886	286827	10240	56829
10701848	1645	57631	7068	100128265	8455	7067	4861	22899	5742	2101
