2
9
10
15
16
18
19
21
25
26
27
30
31
32
34
35
36
38
39
40
41
43
50
51
52
54
55
58
90
91
94
95
100
107
108
111
116
124
127
130
131
132
134
135
142
146
147
148
150
151
152
153
154
155
156
157
159
176
185
186
189
190
191
196
203
204
207
208
210
211
212
213
216
217
218
219
221
223
224
226
229
231
238
240
246
249
250
251
259
262
269
270
275
279
280
283
290
291
292
293
301
306
308
316
317
325
328
331
336
348
350
351
353
358
361
367
369
375
378
382
383
384
387
388
390
400
403
410
412
417
433
435
439
440
443
444
445
462
471
475
476
486
487
498
501
506
509
513
523
526
528
538
540
547
552
553
554
563
567
570
573
586
587
590
595
596
598
610
622
624
629
632
634
635
644
645
650
670
671
673
683
695
706
712
713
714
715
716
727
733
760
762
765
767
768
771
773
774
775
776
778
779
780
781
782
783
784
785
788
790
799
811
814
815
816
817
818
819
820
821
823
826
831
833
834
836
840
846
847
866
873
875
883
886
887
890
909
912
914
915
916
917
919
920
931
941
942
945
949
966
978
983
994
998
1003
1017
1019
1020
1021
1022
1024
1025
1036
1043
1048
1056
1066
1072
1080
1081
1103
1105
1109
1111
1116
1119
1120
1121
1128
1129
1131
1132
1133
1134
1135
1136
1137
1138
1140
1141
1143
1144
1145
1146
1147
1152
1158
1160
1163
1181
1187
1195
1198
1208
1215
1234
1244
1268
1269
1277
1278
1280
1281
1311
1312
1317
1327
1329
1340
1345
1346
1349
1350
1351
1356
1357
1360
1363
1373
1374
1376
1381
1382
1384
1385
1387
1392
1401
1414
1415
1429
1431
1432
1436
1438
1439
1441
1445
1455
1456
1459
1462
1463
1468
1487
1491
1493
1495
1497
1499
1503
1504
1508
1509
1511
1512
1513
1514
1515
1520
1528
1537
1543
1544
1545
1548
1551
1555
1557
1558
1559
1562
1571
1573
1576
1577
1579
1580
1583
1584
1585
1586
1588
1591
1594
1595
1604
1606
1608
1610
1612
1613
1615
1621
1622
1632
1633
1634
1636
1644
1645
1646
1656
1666
1675
1716
1717
1719
1723
1725
1727
1728
1737
1738
1742
1760
1773
1786
1787
1791
1800
1803
1804
1806
1812
1813
1814
1815
1816
1848
1854
1859
1889
1891
1892
1909
1910
1938
1948
1950
1956
1962
1968
1969
1990
1991
2006
2020
2026
2027
2028
2030
2045
2048
2050
2053
2057
2058
2064
2081
2098
2099
2100
2101
2104
2110
2135
2147
2149
2152
2153
2155
2157
2158
2159
2160
2162
2166
2167
2168
2170
2172
2173
2180
2181
2182
2184
2185
2193
2194
2203
2205
2206
2207
2212
2213
2214
2215
2224
2230
2232
2235
2243
2244
2246
2247
2249
2254
2260
2261
2263
2264
2266
2272
2280
2281
2287
2288
2321
2322
2324
2339
2342
2346
2356
2357
2475
2492
2512
2516
2534
2539
2548
2550
2554
2555
2556
2557
2558
2560
2561
2562
2563
2564
2565
2566
2567
2569
2570
2571
2572
2582
2584
2617
2618
2629
2638
2639
2642
2643
2645
2648
2664
2671
2674
2677
2683
2690
2692
2697
2717
2729
2730
2731
2739
2740
2742
2743
2744
2745
2746
2747
2752
2760
2762
2770
2778
2779
2782
2792
2798
2805
2806
2811
2815
2819
2821
2864
2875
2876
2877
2879
2882
2885
2890
2891
2892
2893
2894
2895
2897
2898
2899
2900
2901
2902
2903
2904
2905
2906
2908
2911
2912
2913
2914
2915
2917
2918
2932
2934
2935
2936
2937
2938
2939
2940
2941
2944
2946
2947
2948
2950
2952
2954
2977
2978
2987
2990
2992
3002
3028
3029
3030
3033
3034
3035
3043
3047
3053
3055
3060
3065
3066
3067
3074
3082
3091
3093
3094
3098
3118
3140
3141
3146
3155
3156
3157
3162
3163
3172
3174
3176
3242
3249
3251
3263
3265
3274
3276
3284
3290
3292
3293
3294
3295
3303
3309
3312
3326
3339
3350
3351
3352
3354
3355
3356
3357
3358
3359
3360
3362
3363
3376
3383
3416
3417
3418
3419
3420
3421
3422
3454
3455
3456
3458
3459
3460
3479
3480
3482
3486
3490
3494
3497
3501
3551
3553
3554
3558
3559
3560
3561
3562
3563
3567
3569
3570
3577
3590
3593
3612
3613
3614
3615
3619
3620
3627
3628
3630
3633
3643
3654
3667
3669
3674
3676
3683
3685
3688
3689
3690
3691
3702
3704
3706
3708
3716
3717
3718
3725
3735
3736
3739
3751
3752
3753
3757
3758
3760
3762
3763
3764
3775
3777
3778
3779
3780
3781
3782
3783
3784
3785
3791
3799
3815
3816
3832
3833
3845
3855
3856
3906
3932
3934
3938
3939
3945
3949
3956
3957
3958
3965
3973
3978
3980
3992
3998
4018
4023
4035
4036
4047
4048
4049
4056
4057
4067
4069
4074
4087
4124
4128
4129
4130
4133
4141
4143
4144
4151
4153
4158
4179
4190
4191
4193
4199
4200
4233
4245
4257
4258
4259
4282
4284
4293
4306
4311
4312
4313
4314
4316
4317
4318
4319
4320
4321
4322
4323
4324
4325
4326
4327
4329
4353
4363
4482
4507
4513
4514
4522
4524
4536
4537
4540
4543
4544
4547
4548
4552
4583
4594
4598
4625
4629
4642
4643
4668
4669
4677
4694
4695
4696
4697
4698
4700
4701
4702
4704
4705
4706
4707
4708
4709
4710
4711
4712
4713
4714
4715
4716
4717
4718
4719
4720
4722
4723
4724
4725
4726
4728
4729
4731
4751
4758
4779
4790
4791
4803
4809
4811
4817
4835
4836
4842
4843
4846
4852
4856
4860
4879
4881
4882
4883
4887
4905
4907
4914
4915
4938
4942
4946
4947
4953
4967
4975
4985
4986
4987
4988
5004
5009
5019
5020
5021
5029
5033
5034
5037
5045
5047
5048
5050
5053
5054
5055
5066
5091
5092
5095
5096
5104
5105
5122
5126
5127
5130
5132
5136
5138
5139
5140
5141
5142
5143
5144
5148
5149
5151
5152
5153
5156
5159
5160
5161
5162
5163
5164
5165
5166
5167
5170
5188
5196
5207
5210
5216
5217
5224
5226
5228
5229
5230
5236
5241
5243
5244
5264
5265
5268
5269
5289
5290
5292
5293
5294
5295
5296
5300
5306
5313
5315
5319
5320
5321
5327
5328
5329
5333
5334
5337
5338
5340
5347
5351
5352
5395
5406
5408
5422
5423
5426
5427
5443
5444
5446
5447
5460
5464
5465
5467
5468
5469
5471
5473
5478
5479
5480
5499
5501
5515
5516
5518
5520
5527
5530
5534
5535
5536
5538
5550
5553
5562
5564
5565
5566
5567
5569
5573
5577
5578
5579
5580
5584
5588
5594
5599
5601
5602
5604
5618
5621
5624
5625
5627
5644
5645
5646
5650
5652
5653
5657
5660
5682
5683
5684
5685
5686
5687
5688
5689
5690
5691
5692
5693
5694
5695
5707
5708
5723
5729
5731
5732
5733
5737
5739
5741
5742
5743
5745
5747
5770
5775
5787
5791
5802
5805
5817
5832
5834
5836
5837
5859
5860
5868
5875
5876
5879
5888
5894
5898
5901
5909
5911
5914
5915
5916
5925
5947
5948
5949
5950
5957
5959
5962
5967
5972
5973
5979
5985
6009
6010
6017
6035
6036
6037
6038
6095
6096
6135
6138
6143
6167
6195
6240
6241
6256
6257
6258
6261
6271
6273
6275
6277
6278
6282
6283
6284
6285
6286
6300
6301
6303
6307
6317
6323
6324
6326
6328
6329
6330
6331
6335
6336
6337
6338
6339
6340
6344
6347
6352
6355
6364
6383
6388
6389
6390
6391
6392
6399
6401
6403
6441
6446
6462
6470
6472
6476
6477
6500
6505
6506
6507
6509
6510
6511
6512
6513
6519
6529
6530
6531
6532
6535
6536
6541
6542
6545
6546
6548
6554
6557
6558
6559
6560
6561
6564
6565
6566
6567
6571
6578
6579
6580
6581
6582
6583
6584
6608
6609
6611
6614
6616
6626
6646
6647
6648
6652
6675
6697
6711
6713
6714
6715
6718
6723
6733
6750
6751
6752
6755
6768
6777
6783
6790
6817
6820
6821
6822
6833
6843
6844
6850
6853
6857
6868
6869
6890
6897
6898
6906
6915
6916
6927
6947
6948
6999
7001
7010
7018
7032
7035
7040
7043
7046
7047
7048
7051
7052
7053
7054
7056
7057
7067
7068
7083
7093
7097
7099
7123
7124
7125
7132
7133
7134
7137
7150
7153
7155
7157
7166
7172
7173
7184
7203
7253
7263
7272
7274
7275
7276
7277
7284
7296
7297
7298
7301
7314
7316
7317
7322
7356
7357
7358
7364
7367
7371
7372
7374
7376
7378
7384
7385
7386
7389
7407
7412
7415
7416
7417
7419
7421
7422
7431
7436
7442
7448
7450
7453
7454
7465
7498
7518
7525
7531
7535
7846
7852
7867
7879
7915
7919
7923
7941
8001
8029
8192
8200
8204
8284
8288
8312
8398
8399
8411
8424
8435
8467
8480
8503
8511
8513
8527
8565
8566
8573
8600
8604
8622
8639
8644
8647
8648
8654
8659
8671
8703
8704
8714
8722
8724
8732
8766
8802
8803
8829
8833
8836
8841
8850
8851
8854
8856
8858
8879
8883
8884
8911
8912
8913
8942
8972
8974
8985
8986
9054
9061
9120
9121
9123
9131
9146
9152
9212
9227
9252
9254
9261
9262
9265
9266
9313
9340
9344
9349
9356
9360
9367
9371
9376
9377
9397
9429
9437
9446
9453
9468
9475
9479
9497
9498
9517
9563
9568
9588
9619
9698
9734
9748
9759
9791
9836
9900
9945
9955
9963
9970
9971
9990
10007
10013
10038
10039
10056
10057
10060
10062
10092
10096
10097
10105
10109
10135
10157
10165
10188
10196
10206
10226
10243
10247
10249
10257
10266
10267
10268
10280
10295
10327
10352
10376
10380
10382
10383
10390
10396
10404
10423
10455
10461
10465
10468
10499
10524
10544
10553
10558
10606
10627
10667
10673
10747
10797
10840
10846
10863
10864
10873
10893
10901
10914
10939
10975
10988
10991
11004
11019
11034
11096
11112
11136
11144
11157
11188
11194
11212
11253
11255
11315
22820
22921
22934
22949
22955
22978
23042
23169
23173
23205
23395
23408
23410
23413
23428
23446
23460
23464
23475
23530
23539
23541
23549
23564
23569
23576
23620
23621
23643
23649
23657
23761
24145
25797
25824
25870
25973
26013
26225
26227
26229
26275
26279
26330
26873
27010
27032
27034
27036
27071
27087
27089
27095
27165
27232
27284
27306
27349
27430
28231
28232
28639
28960
29796
29881
29920
29924
30835
50484
50632
50814
50940
51022
51056
51067
51079
51091
51109
51121
51128
51135
51166
51170
51172
51174
51175
51181
51268
51284
51305
51311
51399
51426
51451
51477
51478
51493
51520
51540
51564
51601
51611
51686
51706
51727
51734
51762
51765
51807
53343
53919
53944
54106
54107
54205
54210
54331
54363
54498
54583
54659
54677
54681
54822
54935
54963
55034
55157
55163
55191
55217
55239
55244
55256
55312
55349
55512
55577
55627
55662
55699
55799
55800
55825
55856
55867
55869
55902
55907
55937
55967
56267
56547
56605
56655
56729
56901
56922
57026
57118
57153
57172
57282
57468
57505
57591
57664
57665
57727
57835
58157
58190
58478
58485
59272
59338
59340
59342
60482
60490
63826
64087
64100
64175
64386
64802
64805
64816
64902
65061
65078
65263
79001
79090
79148
79154
79587
79631
79661
79676
79731
79751
79784
79896
80150
80222
80332
80704
80736
80777
80834
80854
81027
81034
81551
81693
83733
83747
83758
83884
83903
84444
84680
84706
84790
87769
89832
90134
90411
90459
91703
92292
92483
92935
94121
94233
112398
112399
112483
113675
114757
114771
114814
116443
116444
117247
118429
118881
119391
120227
121642
122553
122622
123096
123263
124056
124454
124583
126003
126328
127833
140465
140801
145553
151531
152007
162417
166785
200895
200931
200959
206358
221079
266629
284904
326625
347733
360203
373156
374291
414308
100132285
