1
2
9
10
12
13
14
15
16
18
19
20
21
22
23
24
25
26
27
29
30
31
32
33
34
35
36
37
38
39
40
41
43
47
48
49
50
51
52
53
54
55
58
59
60
70
71
72
81
86
87
88
89
90
91
92
93
94
95
97
100
101
102
103
104
105
107
108
109
111
112
113
114
115
116
117
118
119
120
123
124
127
130
131
132
133
134
135
141
142
143
146
147
148
150
151
152
153
154
155
156
157
158
159
160
161
162
163
164
165
166
173
174
175
176
177
178
181
182
183
185
186
187
189
190
191
196
197
199
202
203
204
207
208
210
211
212
213
215
216
217
218
219
221
223
224
225
226
229
230
231
238
239
240
241
242
246
248
249
250
251
259
262
265
266
267
268
269
270
271
272
273
274
275
278
279
280
283
284
285
286
287
288
290
291
292
293
301
305
306
307
308
309
310
311
312
313
316
317
318
319
320
321
322
323
324
325
326
327
328
329
330
331
332
333
334
335
336
337
338
339
341
344
345
347
348
350
351
353
354
355
356
357
358
359
360
361
362
363
366
367
369
372
373
375
377
378
379
381
382
383
384
387
388
389
390
391
392
393
394
396
397
398
399
400
401
402
403
405
406
407
408
409
410
411
412
415
416
417
421
427
429
430
432
433
434
435
439
440
443
444
445
460
462
466
467
468
471
472
473
474
475
476
477
478
479
480
481
482
483
486
487
488
489
490
491
492
493
496
498
501
506
509
513
514
515
516
517
518
521
522
523
525
526
527
528
529
533
534
535
537
538
539
540
545
546
547
550
551
552
553
554
558
563
566
567
570
571
572
573
575
576
577
578
580
581
582
583
585
586
587
590
593
594
595
596
597
598
599
602
604
605
607
608
610
613
617
622
623
624
627
629
631
632
633
634
635
636
637
638
639
640
641
642
643
644
645
646
648
649
650
651
652
653
654
655
656
657
658
659
660
661
662
663
664
665
666
667
668
669
670
671
672
673
675
677
678
682
683
685
686
687
688
690
694
695
696
699
701
705
706
708
710
712
713
714
715
716
717
719
720
721
722
725
726
727
728
729
730
731
732
733
734
735
738
740
744
746
752
754
757
758
760
762
765
767
768
771
773
774
775
776
777
778
779
780
781
782
783
784
785
788
790
793
794
796
799
800
808
810
811
813
814
815
816
817
818
819
820
821
822
823
824
825
826
827
829
830
831
832
833
834
835
836
837
838
839
840
841
842
843
844
845
846
847
857
858
859
860
861
862
863
864
865
866
867
868
869
871
873
874
875
881
883
885
886
887
889
890
891
892
894
896
898
899
900
901
902
904
905
908
909
910
912
913
914
915
916
917
919
920
921
922
923
924
925
926
928
929
930
931
932
933
938
939
940
941
942
943
944
945
946
947
948
949
950
952
953
954
955
957
958
959
960
961
962
963
965
966
967
968
969
970
971
972
973
974
975
976
977
978
983
987
988
989
990
991
993
994
995
996
997
998
999
1000
1001
1002
1003
1004
1005
1006
1007
1008
1009
1010
1012
1013
1014
1015
1016
1017
1018
1019
1020
1021
1022
1024
1025
1026
1027
1028
1029
1030
1031
1032
1033
1036
1039
1040
1041
1043
1044
1045
1046
1047
1048
1050
1051
1052
1053
1054
1056
1058
1059
1060
1062
1063
1066
1068
1069
1070
1071
1072
1073
1075
1080
1081
1084
1088
1101
1102
1103
1104
1105
1106
1107
1108
1109
1111
1112
1113
1114
1116
1117
1119
1120
1121
1122
1123
1124
1128
1129
1130
1131
1132
1133
1134
1135
1136
1137
1138
1140
1141
1143
1144
1145
1146
1147
1149
1152
1153
1154
1155
1158
1159
1160
1161
1163
1164
1173
1174
1175
1176
1179
1180
1181
1182
1183
1184
1185
1186
1187
1191
1192
1193
1195
1196
1198
1200
1201
1203
1207
1208
1209
1211
1212
1213
1215
1230
1232
1233
1234
1235
1236
1237
1238
1240
1241
1244
1258
1259
1260
1261
1262
1263
1264
1265
1266
1267
1268
1269
1271
1272
1277
1278
1280
1281
1282
1284
1285
1286
1287
1288
1289
1290
1291
1292
1293
1294
1295
1296
1297
1298
1299
1300
1301
1302
1303
1305
1307
1308
1311
1312
1314
1315
1316
1317
1325
1326
1327
1329
1337
1340
1345
1346
1347
1349
1350
1351
1352
1353
1355
1356
1357
1358
1360
1361
1363
1364
1365
1366
1368
1369
1370
1371
1373
1374
1376
1378
1380
1381
1382
1384
1385
1386
1387
1388
1389
1390
1392
1393
1394
1395
1396
1397
1398
1399
1400
1401
1404
1406
1407
1408
1409
1410
1411
1412
1413
1414
1415
1417
1420
1428
1429
1431
1432
1434
1435
1436
1437
1438
1439
1440
1441
1442
1443
1444
1445
1446
1447
1448
1452
1453
1454
1455
1456
1459
1462
1463
1464
1465
1466
1468
1469
1471
1472
1473
1475
1476
1477
1478
1479
1482
1485
1486
1487
1488
1489
1490
1491
1493
1495
1496
1497
1499
1500
1501
1503
1504
1506
1508
1509
1510
1511
1512
1513
1514
1515
1520
1522
1523
1524
1527
1528
1535
1536
1537
1540
1543
1544
1545
1548
1551
1555
1557
1558
1559
1562
1565
1571
1573
1576
1577
1579
1580
1582
1583
1584
1585
1586
1588
1589
1591
1594
1595
1600
1601
1602
1603
1604
1605
1606
1607
1608
1609
1610
1611
1612
1613
1615
1616
1618
1620
1621
1622
1627
1628
1629
1630
1632
1633
1634
1635
1636
1638
1639
1641
1642
1643
1644
1645
1646
1647
1649
1650
1652
1653
1654
1655
1656
1659
1660
1662
1663
1665
1666
1667
1668
1670
1672
1674
1675
1676
1677
1678
1687
1690
1716
1717
1718
1719
1723
1725
1727
1728
1729
1730
1731
1734
1736
1737
1738
1739
1740
1741
1742
1744
1745
1746
1747
1748
1749
1755
1756
1758
1759
1760
1762
1763
1767
1770
1773
1774
1775
1776
1777
1778
1780
1781
1783
1785
1786
1787
1788
1789
1791
1793
1794
1795
1797
1798
1800
1801
1802
1803
1804
1805
1806
1807
1808
1809
1810
1811
1812
1813
1814
1815
1816
1819
1820
1821
1822
1823
1824
1825
1826
1827
1828
1829
1830
1832
1834
1837
1838
1839
1840
1843
1844
1845
1846
1847
1848
1849
1852
1854
1855
1856
1857
1859
1861
1869
1870
1871
1874
1875
1876
1877
1879
1880
1889
1891
1892
1893
1894
1896
1901
1902
1903
1906
1907
1908
1909
1910
1911
1912
1917
1933
1936
1937
1938
1939
1942
1943
1944
1945
1946
1947
1948
1949
1950
1951
1952
1953
1954
1956
1958
1959
1960
1961
1962
1964
1965
1967
1968
1969
1975
1978
1979
1981
1982
1983
1984
1990
1991
1992
1993
1994
1995
1996
1997
1998
1999
2000
2001
2002
2004
2005
2006
2009
2010
2011
2014
2017
2018
2019
2020
2021
2022
2023
2026
2027
2028
2029
2030
2033
2034
2035
2036
2037
2038
2039
2041
2042
2043
2044
2045
2046
2047
2048
2049
2050
2051
2053
2054
2056
2057
2058
2059
2060
2063
2064
2065
2066
2067
2068
2069
2070
2071
2072
2073
2074
2077
2078
2079
2081
2091
2098
2099
2100
2101
2104
2107
2108
2109
2110
2113
2114
2115
2117
2118
2119
2120
2121
2122
2125
2128
2131
2132
2134
2135
2137
2138
2139
2140
2145
2146
2147
2149
2150
2151
2152
2153
2155
2157
2158
2159
2160
2161
2162
2165
2166
2167
2168
2170
2172
2173
2175
2176
2177
2178
2180
2181
2182
2184
2185
2186
2187
2188
2189
2191
2192
2193
2194
2195
2196
2197
2199
2200
2201
2202
2203
2204
2205
2206
2207
2208
2212
2213
2214
2215
2217
2219
2220
2222
2224
2230
2232
2235
2237
2239
2241
2242
2243
2244
2245
2246
2247
2248
2249
2250
2251
2253
2254
2255
2257
2258
2260
2261
2263
2264
2266
2268
2271
2272
2273
2274
2275
2277
2280
2281
2286
2287
2288
2289
2290
2295
2296
2297
2300
2302
2304
2305
2306
2307
2308
2310
2312
2313
2314
2315
2316
2317
2318
2319
2321
2322
2323
2324
2329
2331
2332
2334
2335
2339
2342
2346
2348
2353
2354
2355
2356
2357
2358
2395
2444
2475
2483
2488
2492
2494
2498
2512
2515
2516
2517
2519
2520
2521
2525
2526
2529
2530
2531
2532
2533
2534
2535
2537
2538
2539
2542
2547
2548
2549
2550
2551
2553
2554
2555
2556
2557
2558
2560
2561
2562
2563
2564
2565
2566
2567
2569
2570
2571
2572
2579
2580
2581
2582
2584
2585
2587
2588
2590
2592
2596
2617
2618
2619
2620
2622
2623
2624
2625
2626
2627
2629
2631
2632
2633
2634
2635
2638
2639
2641
2642
2643
2644
2645
2646
2647
2648
2649
2650
2660
2661
2662
2664
2665
2668
2669
2670
2671
2672
2673
2674
2675
2676
2677
2683
2686
2688
2689
2690
2691
2692
2693
2694
2695
2696
2697
2700
2701
2702
2703
2705
2706
2707
2712
2713
2717
2719
2720
2729
2730
2731
2733
2734
2735
2736
2737
2739
2740
2742
2743
2744
2745
2746
2747
2752
2760
2762
2764
2767
2768
2769
2770
2771
2773
2774
2775
2776
2778
2779
2780
2781
2782
2783
2784
2785
2786
2787
2788
2791
2792
2793
2794
2796
2797
2798
2799
2800
2801
2802
2803
2804
2805
2806
2810
2811
2812
2813
2814
2815
2817
2819
2820
2821
2822
2823
2824
2825
2826
2829
2831
2832
2833
2834
2837
2838
2840
2846
2847
2848
2849
2861
2862
2863
2864
2867
2868
2869
2870
2872
2873
2874
2875
2876
2877
2879
2882
2885
2886
2887
2888
2889
2890
2891
2892
2893
2894
2895
2896
2897
2898
2899
2900
2901
2902
2903
2904
2905
2906
2907
2908
2909
2911
2912
2913
2914
2915
2916
2917
2918
2919
2920
2921
2922
2923
2925
2926
2928
2931
2932
2934
2935
2936
2937
2938
2939
2940
2941
2944
2946
2947
2948
2950
2952
2954
2956
2957
2958
2959
2960
2961
2962
2963
2965
2967
2968
2969
2971
2972
2975
2976
2977
2978
2979
2980
2981
2982
2983
2984
2986
2987
2990
2992
2993
2995
2996
2997
2998
2999
3000
3001
3002
3003
3004
3005
3006
3007
3008
3009
3010
3014
3015
3017
3018
3024
3026
3028
3029
3030
3032
3033
3034
3035
3036
3040
3043
3045
3046
3047
3048
3049
3050
3052
3053
3054
3055
3059
3060
3061
3062
3064
3065
3066
3067
3068
3069
3070
3071
3073
3074
3075
3077
3078
3080
3081
3082
3083
3084
3087
3090
3091
3092
3093
3094
3096
3097
3098
3099
3101
3104
3105
3106
3108
3109
3111
3112
3113
3115
3118
3122
3123
3125
3127
3131
3133
3134
3135
3136
3140
3141
3142
3145
3146
3148
3150
3155
3156
3157
3159
3161
3162
3163
3164
3167
3169
3170
3171
3172
3174
3175
3176
3181
3182
3183
3184
3185
3187
3189
3190
3192
3195
3196
3198
3199
3200
3202
3203
3204
3205
3206
3207
3208
3209
3211
3212
3213
3214
3216
3217
3218
3219
3221
3223
3224
3225
3226
3227
3229
3232
3233
3235
3236
3237
3238
3239
3240
3241
3242
3249
3251
3257
3263
3265
3266
3267
3268
3270
3273
3274
3275
3276
3280
3281
3284
3290
3292
3293
3294
3295
3297
3298
3299
3300
3301
3303
3305
3306
3308
3309
3310
3312
3313
3315
3316
3321
3324
3326
3329
3336
3337
3338
3339
3346
3347
3350
3351
3352
3354
3355
3356
3357
3358
3359
3360
3362
3363
3364
3371
3375
3376
3382
3383
3384
3385
3386
3394
3396
3397
3398
3399
3400
3416
3417
3418
3419
3420
3421
3422
3423
3425
3426
3428
3429
3430
3431
3433
3434
3437
3439
3440
3442
3443
3445
3446
3454
3455
3456
3458
3459
3460
3467
3475
3476
3479
3480
3482
3483
3484
3485
3486
3487
3488
3489
3490
3491
3493
3494
3495
3497
3501
3503
3508
3512
3516
3539
3543
3547
3549
3550
3551
3552
3553
3554
3556
3557
3558
3559
3560
3561
3562
3563
3565
3566
3567
3568
3569
3570
3572
3574
3575
3576
3577
3578
3579
3581
3586
3587
3588
3589
3590
3592
3593
3594
3595
3596
3597
3598
3600
3601
3603
3604
3605
3606
3607
3608
3609
3611
3612
3613
3614
3615
3619
3620
3621
3622
3623
3624
3625
3626
3627
3628
3630
3631
3632
3633
3635
3636
3638
3640
3642
3643
3645
3646
3651
3652
3654
3655
3656
3658
3659
3660
3661
3662
3663
3664
3665
3667
3669
3670
3672
3673
3674
3675
3676
3678
3679
3680
3681
3682
3683
3684
3685
3687
3688
3689
3690
3691
3692
3693
3694
3695
3696
3697
3698
3699
3700
3702
3703
3704
3705
3706
3707
3708
3709
3710
3713
3714
3716
3717
3718
3720
3725
3726
3727
3728
3730
3732
3735
3736
3737
3738
3739
3741
3742
3744
3745
3746
3747
3748
3750
3751
3752
3753
3754
3755
3756
3757
3758
3759
3760
3761
3762
3763
3764
3765
3766
3767
3770
3772
3773
3775
3777
3778
3779
3780
3781
3782
3783
3784
3785
3786
3790
3791
3792
3795
3796
3797
3798
3799
3800
3801
3803
3804
3805
3806
3813
3814
3815
3816
3817
3818
3820
3821
3822
3823
3824
3827
3831
3832
3833
3835
3836
3837
3839
3840
3841
3842
3843
3845
3848
3849
3850
3851
3852
3853
3854
3855
3856
3857
3858
3860
3861
3866
3872
3880
3881
3882
3883
3884
3885
3886
3887
3888
3890
3891
3895
3897
3898
3899
3902
3903
3906
3908
3909
3910
3911
3912
3913
3914
3915
3916
3918
3920
3925
3927
3929
3930
3931
3932
3933
3934
3936
3937
3938
3939
3945
3949
3952
3953
3954
3955
3956
3957
3958
3959
3960
3964
3965
3972
3973
3975
3976
3977
3978
3980
3981
3982
3983
3984
3985
3987
3988
3990
3991
3992
3993
3995
3996
3998
4000
4001
4004
4005
4007
4008
4009
4010
4012
4013
4014
4015
4016
4017
4018
4023
4026
4033
4034
4035
4036
4037
4038
4040
4041
4043
4045
4046
4047
4048
4049
4050
4051
4052
4053
4054
4055
4056
4057
4058
4059
4060
4061
4062
4063
4064
4065
4066
4067
4068
4069
4070
4071
4072
4074
4076
4077
4082
4084
4085
4086
4087
4088
4089
4090
4091
4092
4093
4094
4097
4099
4100
4102
4103
4105
4108
4110
4111
4113
4115
4116
4122
4123
4124
4125
4126
4128
4129
4130
4131
4133
4134
4135
4137
4139
4140
4141
4142
4143
4144
4145
4146
4147
4148
4149
4150
4151
4152
4153
4154
4155
4157
4158
4159
4160
4161
4162
4163
4168
4170
4171
4172
4173
4174
4175
4176
4179
4184
4185
4188
4189
4190
4191
4192
4193
4194
4199
4200
4201
4204
4205
4208
4209
4210
4211
4212
4214
4215
4216
4217
4218
4221
4222
4223
4224
4225
4232
4233
4234
4236
4237
4239
4240
4241
4242
4245
4246
4247
4248
4250
4254
4255
4256
4257
4258
4259
4261
4267
4276
4277
4281
4282
4283
4284
4285
4286
4287
4288
4289
4291
4292
4293
4294
4295
4296
4297
4298
4299
4300
4301
4302
4303
4306
4311
4312
4313
4314
4316
4317
4318
4319
4320
4321
4322
4323
4324
4325
4326
4327
4329
4330
4331
4332
4335
4338
4340
4342
4343
4345
4350
4351
4352
4353
4354
4355
4356
4357
4358
4359
4360
4361
4363
4430
4435
4436
4437
4438
4439
4440
4477
4478
4481
4482
4485
4486
4487
4488
4489
4494
4495
4496
4500
4501
4502
4504
4507
4513
4514
4520
4521
4522
4524
4528
4534
4536
4537
4540
4542
4543
4544
4547
4548
4552
4580
4582
4583
4585
4588
4589
4591
4593
4594
4595
4597
4598
4599
4601
4602
4603
4604
4605
4606
4607
4608
4609
4610
4613
4615
4616
4617
4618
4619
4620
4622
4624
4625
4626
4627
4628
4629
4632
4633
4634
4635
4637
4638
4640
4641
4642
4643
4644
4645
4646
4647
4648
4649
4650
4651
4653
4654
4656
4659
4660
4661
4664
4665
4666
4668
4669
4670
4671
4673
4675
4676
4677
4678
4680
4681
4682
4683
4684
4685
4686
4688
4689
4690
4691
4692
4693
4694
4695
4696
4697
4698
4700
4701
4702
4703
4704
4705
4706
4707
4708
4709
4710
4711
4712
4713
4714
4715
4716
4717
4718
4719
4720
4722
4723
4724
4725
4726
4728
4729
4731
4733
4734
4735
4736
4738
4739
4741
4744
4745
4747
4750
4751
4752
4753
4756
4758
4760
4761
4762
4763
4771
4772
4773
4774
4775
4776
4778
4779
4780
4781
4782
4783
4784
4790
4791
4792
4793
4794
4795
4796
4798
4799
4800
4801
4802
4803
4804
4807
4808
4809
4811
4814
4817
4820
4821
4824
4825
4826
4828
4829
4831
4832
4833
4835
4836
4838
4839
4841
4842
4843
4846
4848
4849
4850
4851
4852
4853
4854
4855
4856
4857
4858
4860
4861
4862
4863
4864
4867
4868
4878
4879
4880
4881
4882
4883
4884
4885
4886
4887
4889
4891
4892
4893
4897
4898
4899
4900
4901
4902
4904
4905
4907
4908
4909
4913
4914
4915
4916
4917
4920
4921
4922
4923
4924
4925
4926
4927
4928
4929
4931
4935
4938
4939
4940
4942
4943
4946
4947
4948
4952
4953
4956
4957
4967
4968
4969
4973
4974
4975
4976
4978
4982
4983
4985
4986
4987
4988
4990
4995
4998
4999
5000
5001
5002
5003
5004
5005
5007
5008
5009
5010
5013
5015
5016
5018
5019
5020
5021
5023
5024
5025
5027
5028
5029
5031
5033
5034
5036
5037
5042
5045
5046
5047
5048
5049
5050
5051
5052
5053
5054
5055
5058
5062
5063
5064
5066
5067
5068
5069
5071
5073
5074
5075
5076
5077
5079
5080
5081
5082
5083
5087
5089
5090
5091
5092
5093
5094
5095
5096
5097
5099
5100
5101
5104
5105
5106
5108
5110
5111
5116
5118
5119
5121
5122
5125
5126
5127
5128
5129
5130
5132
5133
5134
5136
5138
5139
5140
5141
5142
5143
5144
5145
5147
5148
5149
5151
5152
5153
5154
5155
5156
5159
5160
5161
5162
5163
5164
5165
5166
5167
5168
5169
5170
5172
5173
5174
5175
5176
5179
5184
5187
5188
5189
5190
5191
5192
5193
5194
5195
5196
5197
5199
5201
5202
5203
5204
5207
5208
5209
5210
5211
5213
5214
5216
5217
5218
5223
5224
5225
5226
5228
5229
5230
5232
5236
5238
5239
5241
5243
5244
5245
5250
5251
5252
5253
5255
5256
5257
5260
5261
5264
5265
5266
5267
5268
5269
5270
5271
5272
5274
5275
5276
5277
5279
5281
5283
5284
5286
5287
5289
5290
5291
5292
5293
5294
5295
5296
5297
5298
5300
5303
5304
5305
5306
5307
5308
5310
5311
5313
5314
5315
5316
5317
5318
5319
5320
5321
5322
5324
5325
5326
5327
5328
5329
5330
5331
5332
5333
5334
5335
5336
5337
5338
5340
5341
5342
5345
5346
5347
5348
5349
5350
5351
5352
5354
5355
5356
5357
5358
5359
5360
5361
5362
5364
5365
5366
5367
5368
5371
5372
5373
5376
5378
5393
5394
5395
5396
5406
5407
5408
5411
5412
5413
5414
5420
5422
5423
5424
5425
5426
5427
5428
5429
5430
5431
5432
5433
5434
5435
5436
5437
5438
5439
5440
5441
5442
5443
5444
5445
5446
5447
5449
5450
5451
5452
5453
5454
5455
5456
5457
5458
5459
5460
5464
5465
5467
5468
5469
5470
5471
5473
5475
5476
5478
5479
5480
5481
5493
5494
5495
5496
5498
5499
5501
5502
5504
5506
5507
5509
5510
5511
5514
5515
5516
5518
5519
5520
5521
5522
5523
5524
5525
5526
5527
5528
5529
5530
5531
5532
5533
5534
5535
5536
5537
5538
5539
5540
5545
5546
5547
5549
5550
5551
5552
5553
5555
5557
5558
5562
5563
5564
5565
5566
5567
5569
5570
5571
5573
5575
5576
5577
5578
5579
5580
5581
5582
5583
5584
5585
5586
5587
5588
5589
5590
5591
5592
5593
5594
5596
5597
5598
5599
5600
5601
5602
5603
5604
5606
5607
5608
5609
5610
5611
5612
5613
5617
5618
5619
5621
5623
5624
5625
5626
5627
5629
5630
5634
5635
5636
5639
5641
5644
5645
5646
5648
5649
5650
5651
5652
5653
5654
5655
5657
5660
5662
5663
5664
5669
5670
5671
5673
5675
5678
5681
5682
5683
5684
5685
5686
5687
5688
5689
5690
5691
5692
5693
5694
5695
5696
5697
5698
5699
5700
5701
5702
5704
5705
5706
5707
5708
5709
5710
5711
5713
5714
5715
5716
5717
5718
5719
5720
5721
5723
5724
5725
5727
5729
5731
5732
5733
5737
5738
5739
5741
5742
5743
5744
5745
5746
5747
5753
5754
5756
5763
5764
5768
5770
5771
5774
5775
5777
5778
5780
5782
5783
5784
5786
5787
5788
5789
5790
5791
5792
5793
5794
5795
5796
5797
5798
5799
5800
5801
5802
5803
5805
5806
5810
5813
5814
5817
5818
5819
5822
5824
5825
5826
5827
5828
5829
5830
5832
5833
5834
5836
5837
5858
5859
5860
5861
5862
5863
5864
5865
5866
5867
5868
5869
5871
5873
5874
5875
5876
5877
5878
5879
5880
5881
5883
5884
5885
5886
5887
5888
5889
5890
5891
5892
5893
5894
5896
5897
5898
5899
5900
5901
5902
5903
5905
5906
5908
5909
5910
5911
5912
5913
5914
5915
5916
5917
5920
5921
5922
5923
5924
5925
5926
5927
5929
5930
5931
5932
5933
5934
5935
5937
5940
5947
5948
5949
5950
5954
5955
5956
5957
5959
5961
5962
5965
5966
5967
5968
5970
5971
5972
5973
5976
5977
5978
5979
5980
5981
5982
5983
5984
5985
5986
5987
5988
5989
5990
5991
5992
5993
5994
5995
5996
5997
5998
5999
6000
6001
6002
6003
6004
6005
6009
6010
6011
6013
6014
6015
6016
6017
6018
6019
6035
6036
6037
6038
6039
6041
6045
6046
6049
6050
6051
6091
6092
6094
6095
6096
6097
6098
6100
6101
6102
6103
6117
6118
6119
6121
6123
6133
6135
6138
6141
6142
6143
6150
6152
6155
6156
6157
6158
6164
6165
6166
6167
6168
6169
6171
6175
6176
6182
6183
6184
6185
6187
6188
6191
6192
6193
6194
6195
6197
6198
6199
6208
6209
6218
6224
6228
6229
6230
6233
6234
6236
6237
6238
6239
6240
6241
6242
6247
6249
6251
6252
6253
6256
6257
6258
6259
6261
6262
6263
6271
6272
6273
6274
6275
6276
6277
6278
6279
6280
6281
6282
6283
6284
6285
6286
6289
6291
6293
6294
6295
6297
6299
6300
6301
6303
6304
6305
6307
6309
6310
6311
6314
6317
6318
6319
6320
6322
6323
6324
6326
6328
6329
6330
6331
6334
6335
6336
6337
6338
6339
6340
6341
6342
6343
6344
6346
6347
6348
6352
6354
6355
6356
6357
6359
6360
6361
6362
6363
6364
6366
6367
6368
6369
6370
6372
6373
6374
6375
6376
6382
6383
6385
6386
6387
6388
6389
6390
6391
6392
6396
6397
6398
6399
6400
6401
6402
6403
6404
6405
6406
6407
6414
6415
6416
6421
6422
6423
6425
6426
6427
6428
6429
6430
6432
6433
6434
6435
6436
6439
6441
6442
6443
6444
6445
6446
6447
6449
6450
6451
6452
6453
6455
6456
6457
6461
6462
6464
6468
6469
6470
6472
6473
6476
6477
6478
6480
6483
6484
6487
6490
6491
6492
6493
6494
6495
6496
6497
6498
6499
6500
6502
6503
6504
6505
6506
6507
6508
6509
6510
6511
6512
6513
6514
6515
6517
6519
6520
6521
6522
6523
6525
6526
6528
6529
6530
6531
6532
6535
6536
6539
6541
6542
6543
6545
6546
6547
6548
6549
6550
6553
6554
6556
6557
6558
6559
6560
6561
6564
6565
6566
6567
6568
6569
6571
6574
6576
6578
6579
6580
6581
6582
6583
6584
6585
6586
6588
6590
6591
6594
6595
6596
6597
6598
6599
6601
6602
6603
6604
6605
6606
6608
6609
6610
6611
6614
6615
6616
6617
6618
6619
6620
6621
6622
6623
6624
6625
6626
6627
6628
6629
6631
6633
6634
6636
6640
6641
6642
6643
6645
6646
6647
6648
6649
6650
6651
6652
6653
6654
6655
6656
6657
6658
6659
6660
6662
6663
6664
6665
6666
6667
6668
6670
6671
6672
6674
6675
6676
6678
6683
6687
6688
6689
6690
6692
6693
6694
6695
6696
6697
6698
6699
6700
6702
6703
6707
6708
6709
6710
6711
6712
6713
6714
6715
6717
6718
6720
6721
6722
6723
6726
6728
6730
6731
6732
6733
6734
6736
6737
6738
6741
6742
6744
6745
6746
6747
6748
6749
6750
6751
6752
6753
6754
6755
6757
6760
6764
6768
6769
6770
6772
6773
6774
6775
6776
6777
6778
6779
6780
6782
6783
6786
6787
6788
6789
6790
6792
6794
6795
6801
6804
6809
6810
6811
6812
6813
6814
6815
6817
6819
6820
6821
6822
6827
6829
6830
6832
6833
6834
6835
6836
6837
6838
6839
6840
6843
6844
6845
6846
6847
6850
6853
6854
6855
6856
6857
6860
6861
6863
6865
6866
6867
6868
6869
6870
6871
6872
6873
6874
6875
6876
6877
6878
6879
6880
6881
6882
6883
6884
6885
6886
6887
6888
6890
6891
6892
6894
6895
6897
6898
6900
6901
6902
6903
6904
6905
6906
6907
6908
6909
6910
6915
6916
6917
6919
6921
6923
6924
6925
6926
6927
6928
6929
6932
6934
6935
6936
6938
6940
6941
6942
6943
6944
6945
6947
6948
6949
6953
6954
6988
6990
6991
6992
6993
6998
6999
7001
7003
7004
7005
7006
7008
7009
7010
7011
7014
7015
7016
7018
7019
7020
7021
7022
7023
7024
7025
7026
7027
7029
7030
7031
7032
7035
7036
7037
7038
7039
7040
7041
7042
7043
7045
7046
7047
7048
7049
7050
7051
7052
7053
7054
7056
7057
7058
7059
7060
7062
7064
7066
7067
7068
7070
7071
7072
7073
7074
7075
7076
7077
7078
7079
7080
7082
7083
7086
7087
7089
7090
7091
7092
7093
7094
7095
7096
7097
7098
7099
7100
7101
7102
7103
7104
7105
7106
7108
7109
7110
7111
7112
7113
7114
7122
7123
7124
7125
7126
7127
7128
7130
7132
7133
7134
7135
7136
7137
7138
7139
7140
7143
7145
7148
7150
7153
7155
7156
7157
7158
7159
7161
7162
7163
7164
7165
7166
7168
7169
7170
7171
7172
7173
7174
7175
7181
7182
7184
7185
7186
7187
7188
7189
7200
7201
7203
7204
7205
7216
7220
7222
7223
7224
7225
7226
7227
7247
7248
7249
7251
7252
7253
7257
7259
7260
7262
7263
7265
7266
7268
7270
7272
7273
7274
7275
7276
7277
7280
7284
7286
7287
7288
7289
7290
7291
7292
7293
7294
7295
7296
7297
7298
7300
7301
7305
7306
7307
7311
7314
7316
7317
7318
7319
7320
7321
7322
7324
7325
7326
7327
7328
7329
7332
7334
7336
7337
7341
7342
7343
7345
7347
7348
7349
7350
7351
7352
7353
7355
7356
7357
7358
7360
7364
7366
7367
7368
7369
7371
7372
7373
7374
7375
7376
7378
7379
7380
7384
7385
7386
7389
7390
7391
7392
7398
7399
7402
7403
7404
7405
7407
7408
7409
7410
7411
7412
7414
7415
7416
7417
7419
7421
7422
7423
7424
7425
7428
7429
7431
7432
7433
7434
7436
7439
7441
7442
7443
7444
7447
7448
7450
7453
7454
7455
7456
7458
7461
7462
7464
7465
7466
7468
7469
7471
7472
7473
7474
7475
7476
7477
7481
7482
7485
7490
7494
7498
7504
7507
7508
7511
7514
7515
7516
7517
7518
7520
7525
7528
7529
7531
7532
7533
7534
7535
7536
7538
7539
7541
7542
7545
7546
7547
7549
7551
7553
7554
7555
7556
7559
7565
7566
7567
7568
7570
7571
7572
7579
7580
7581
7582
7584
7587
7589
7592
7593
7594
7596
7597
7625
7629
7633
7637
7638
7639
7644
7673
7675
7681
7682
7690
7692
7693
7695
7699
7700
7701
7702
7703
7704
7705
7706
7707
7709
7711
7718
7726
7727
7728
7733
7737
7743
7745
7746
7748
7750
7752
7753
7755
7756
7760
7761
7762
7766
7767
7768
7769
7770
7771
7772
7773
7775
7779
7781
7782
7783
7784
7786
7789
7791
7798
7799
7802
7803
7804
7805
7809
7812
7813
7818
7827
7832
7837
7840
7841
7844
7846
7849
7850
7851
7852
7855
7857
7866
7867
7869
7871
7873
7874
7879
7881
7884
7903
7905
7913
7915
7916
7917
7918
7919
7920
7922
7923
7936
7940
7941
7942
7957
7965
7975
7976
7978
7979
7980
7982
7984
7988
7991
7993
7994
8000
8001
8013
8019
8021
8022
8027
8028
8029
8030
8031
8034
8036
8038
8045
8048
8050
8061
8065
8073
8074
8076
8078
8079
8082
8085
8086
8087
8089
8091
8092
8099
8100
8106
8110
8115
8120
8125
8128
8131
8139
8140
8148
8153
8161
8165
8170
8174
8175
8178
8187
8189
8190
8192
8193
8195
8200
8202
8204
8208
8209
8214
8216
8218
8220
8224
8226
8227
8233
8237
8239
8241
8242
8243
8260
8266
8269
8270
8273
8277
8284
8287
8288
8289
8290
8291
8292
8293
8295
8301
8302
8310
8312
8313
8314
8315
8317
8318
8320
8321
8322
8323
8324
8325
8326
8328
8330
8334
8335
8337
8338
8340
8341
8342
8343
8345
8348
8349
8356
8367
8372
8379
8382
8390
8394
8395
8396
8398
8399
8402
8404
8405
8406
8407
8408
8409
8411
8412
8416
8417
8419
8424
8425
8427
8428
8431
8433
8434
8435
8436
8437
8438
8439
8440
8443
8444
8445
8446
8447
8448
8449
8450
8451
8452
8453
8454
8455
8458
8459
8460
8462
8463
8464
8467
8468
8470
8471
8473
8476
8479
8480
8481
8482
8487
8490
8491
8493
8495
8496
8497
8498
8499
8500
8501
8502
8503
8504
8506
8507
8508
8509
8511
8513
8514
8515
8516
8517
8518
8519
8520
8521
8522
8525
8526
8527
8528
8529
8530
8533
8534
8535
8536
8537
8538
8539
8540
8541
8542
8543
8544
8545
8546
8548
8550
8553
8554
8555
8556
8557
8558
8559
8560
8562
8563
8564
8565
8566
8567
8568
8569
8570
8572
8573
8574
8575
8576
8577
8578
8581
8600
8601
8602
8603
8604
8605
8607
8609
8611
8612
8613
8614
8615
8618
8620
8621
8622
8623
8624
8625
8626
8631
8633
8634
8635
8636
8637
8638
8639
8642
8643
8644
8646
8647
8648
8649
8650
8651
8653
8654
8655
8658
8659
8660
8661
8662
8663
8664
8665
8666
8667
8668
8669
8671
8672
8673
8674
8675
8676
8677
8678
8682
8683
8685
8687
8688
8689
8690
8692
8693
8697
8698
8701
8703
8704
8705
8711
8714
8715
8717
8718
8720
8721
8722
8723
8724
8725
8726
8727
8728
8729
8731
8732
8733
8735
8736
8737
8738
8739
8740
8742
8743
8744
8745
8751
8754
8760
8761
8763
8764
8766
8767
8772
8773
8774
8775
8776
8778
8780
8784
8785
8786
8787
8788
8789
8790
8792
8793
8794
8795
8796
8797
8799
8800
8802
8803
8804
8805
8807
8808
8809
8811
8812
8813
8814
8816
8817
8818
8819
8820
8822
8824
8825
8826
8828
8829
8831
8832
8833
8834
8835
8836
8837
8839
8840
8841
8842
8844
8846
8848
8850
8851
8852
8853
8854
8856
8857
8858
8859
8861
8862
8863
8864
8867
8870
8871
8872
8874
8875
8877
8878
8879
8880
8881
8882
8883
8884
8886
8887
8888
8890
8891
8892
8893
8894
8895
8896
8897
8898
8900
8905
8906
8907
8908
8910
8911
8912
8913
8914
8916
8924
8925
8926
8927
8928
8930
8932
8933
8934
8935
8936
8938
8939
8940
8941
8942
8943
8945
8970
8971
8972
8974
8975
8976
8985
8986
8987
8988
8991
8992
8993
8994
8995
8996
8997
8999
9001
9002
9013
9014
9015
9016
9019
9020
9021
9022
9023
9024
9025
9026
9031
9033
9034
9039
9040
9043
9044
9045
9046
9047
9048
9049
9050
9051
9053
9054
9055
9056
9057
9060
9061
9063
9064
9066
9068
9069
9070
9073
9074
9075
9076
9077
9079
9083
9085
9086
9087
9088
9091
9092
9093
9094
9095
9097
9098
9099
9100
9101
9104
9107
9108
9110
9111
9112
9113
9114
9118
9119
9120
9121
9123
9124
9125
9126
9127
9128
9129
9130
9131
9132
9133
9134
9135
9136
9138
9139
9140
9141
9143
9144
9145
9146
9148
9149
9150
9152
9156
9158
9162
9166
9167
9168
9169
9170
9172
9173
9175
9179
9180
9181
9182
9183
9184
9185
9187
9188
9189
9191
9197
9201
9202
9203
9205
9208
9209
9210
9211
9212
9213
9215
9217
9218
9219
9220
9221
9223
9227
9228
9229
9230
9231
9235
9236
9238
9240
9241
9242
9244
9245
9246
9248
9252
9253
9254
9255
9256
9260
9261
9262
9265
9266
9267
9270
9271
9274
9276
9277
9278
9282
9283
9284
9293
9294
9295
9296
9306
9310
9311
9312
9313
9314
9315
9317
9318
9319
9320
9321
9322
9324
9325
9326
9328
9329
9330
9332
9337
9338
9340
9341
9342
9343
9344
9349
9351
9352
9353
9354
9355
9356
9360
9361
9362
9363
9365
9367
9368
9369
9370
9371
9372
9373
9374
9375
9376
9377
9378
9379
9380
9381
9382
9388
9391
9392
9394
9397
9398
9399
9400
9401
9402
9403
9404
9406
9409
9410
9411
9412
9413
9414
9416
9419
9421
9422
9423
9425
9429
9435
9436
9437
9439
9440
9441
9443
9444
9445
9446
9447
9448
9450
9451
9452
9453
9454
9455
9456
9457
9459
9462
9463
9464
9465
9466
9467
9468
9469
9470
9472
9474
9475
9476
9477
9478
9479
9481
9482
9486
9487
9488
9489
9491
9493
9495
9496
9497
9498
9499
9500
9501
9507
9509
9510
9512
9513
9514
9515
9516
9517
9518
9519
9521
9522
9524
9525
9526
9527
9528
9529
9530
9531
9532
9533
9534
9535
9536
9538
9540
9541
9542
9543
9545
9546
9550
9551
9552
9553
9554
9555
9557
9559
9560
9562
9563
9567
9568
9569
9570
9572
9575
9576
9577
9578
9580
9581
9582
9583
9585
9586
9587
9588
9589
9590
9592
9595
9600
9601
9603
9604
9605
9610
9611
9612
9615
9616
9617
9618
9619
9620
9622
9623
9625
9627
9628
9630
9631
9632
9635
9636
9637
9638
9639
9640
9641
9643
9644
9645
9646
9647
9648
9649
9650
9652
9653
9655
9656
9657
9658
9659
9662
9665
9666
9667
9668
9669
9670
9672
9675
9677
9678
9679
9681
9682
9683
9684
9685
9686
9688
9690
9692
9693
9694
9695
9696
9697
9698
9699
9700
9701
9702
9703
9704
9705
9706
9709
9711
9712
9716
9721
9722
9723
9724
9725
9726
9727
9728
9729
9730
9731
9732
9733
9734
9735
9736
9737
9738
9739
9741
9742
9743
9744
9745
9746
9747
9748
9749
9750
9752
9755
9757
9758
9759
9761
9764
9765
9768
9770
9771
9772
9775
9776
9777
9778
9779
9780
9781
9782
9784
9785
9787
9788
9791
9792
9793
9794
9796
9801
9802
9805
9806
9807
9808
9810
9811
9812
9813
9814
9815
9816
9817
9818
9819
9820
9821
9823
9825
9826
9827
9828
9829
9830
9832
9833
9836
9837
9839
9841
9842
9844
9846
9847
9849
9852
9853
9854
9855
9856
9857
9858
9859
9860
9861
9862
9863
9867
9868
9869
9870
9871
9873
9874
9875
9877
9878
9879
9882
9883
9884
9886
9887
9889
9890
9891
9892
9894
9895
9896
9897
9898
9899
9900
9901
9902
9904
9905
9907
9908
9910
9911
9912
9913
9914
9915
9918
9919
9920
9921
9922
9923
9924
9925
9926
9927
9928
9929
9931
9933
9934
9935
9937
9939
9942
9943
9945
9946
9947
9948
9949
9950
9955
9956
9958
9960
9961
9962
9963
9965
9966
9967
9968
9969
9970
9971
9972
9973
9975
9978
9982
9984
9985
9986
9987
9988
9989
9990
9991
9992
9993
9994
9997
10000
10001
10002
10004
10005
10006
10007
10009
10010
10011
10013
10014
10015
10016
10017
10018
10019
10020
10021
10023
10024
10025
10026
10036
10038
10039
10040
10042
10044
10045
10048
10049
10051
10052
10053
10054
10055
10056
10057
10058
10059
10060
10061
10062
10063
10066
10067
10068
10069
10072
10073
10075
10076
10077
10078
10081
10082
10083
10084
10085
10087
10090
10092
10096
10097
10099
10101
10102
10103
10105
10106
10109
10110
10111
10112
10113
10114
10116
10120
10121
10123
10124
10125
10126
10127
10128
10129
10130
10131
10133
10134
10135
10137
10138
10139
10140
10142
10144
10146
10147
10148
10150
10152
10153
10154
10155
10156
10157
10158
10159
10162
10163
10164
10165
10168
10171
10172
10174
10175
10179
10180
10181
10188
10189
10190
10193
10194
10195
10196
10197
10198
10199
10200
10202
10203
10204
10205
10206
10207
10208
10210
10211
10212
10213
10214
10215
10216
10217
10219
10220
10221
10224
10225
10226
10227
10228
10229
10231
10232
10233
10234
10235
10236
10237
10238
10239
10240
10241
10243
10244
10245
10246
10247
10248
10249
10250
10252
10253
10254
10256
10257
10260
10262
10263
10265
10266
10267
10268
10269
10270
10272
10273
10274
10276
10277
10278
10279
10280
10283
10284
10285
10286
10287
10288
10289
10290
10291
10293
10294
10295
10296
10297
10298
10299
10300
10302
10307
10308
10309
10311
10312
10313
10314
10316
10318
10319
10320
10321
10322
10324
10325
10326
10327
10328
10329
10330
10332
10333
10335
10336
10342
10344
10345
10346
10350
10351
10352
10360
10362
10363
10365
10367
10368
10369
10370
10371
10376
10379
10380
10382
10383
10384
10389
10390
10391
10392
10393
10395
10396
10397
10398
10399
10400
10401
10403
10404
10406
10409
10410
10411
10413
10418
10419
10420
10421
10422
10423
10424
10425
10426
10427
10428
10430
10432
10434
10435
10436
10437
10439
10440
10443
10444
10445
10446
10450
10451
10452
10454
10455
10456
10457
10458
10459
10460
10461
10463
10464
10465
10466
10467
10468
10469
10471
10472
10473
10474
10475
10476
10477
10478
10479
10480
10481
10482
10483
10484
10485
10486
10487
10488
10489
10490
10491
10492
10493
10494
10495
10497
10498
10499
10500
10505
10507
10509
10512
10513
10514
10516
10518
10519
10520
10521
10522
10523
10524
10525
10526
10527
10528
10529
10531
10533
10534
10535
10537
10538
10539
10540
10541
10542
10544
10548
10549
10550
10551
10552
10553
10554
10555
10556
10557
10558
10559
10562
10563
10564
10565
10566
10567
10569
10570
10572
10573
10574
10575
10576
10577
10579
10580
10581
10585
10586
10587
10588
10589
10590
10591
10592
10594
10598
10600
10602
10603
10606
10607
10608
10609
10610
10611
10612
10613
10614
10615
10616
10617
10618
10620
10621
10622
10623
10625
10626
10627
10628
10629
10630
10632
10634
10635
10636
10640
10641
10642
10643
10644
10645
10647
10648
10651
10652
10653
10654
10656
10657
10658
10659
10660
10661
10663
10664
10666
10667
10668
10670
10671
10672
10673
10675
10677
10678
10681
10682
10686
10687
10691
10692
10693
10712
10713
10714
10716
10717
10718
10720
10724
10725
10726
10728
10730
10732
10733
10734
10735
10736
10739
10741
10742
10743
10744
10745
10746
10747
10749
10750
10752
10753
10755
10758
10762
10763
10765
10766
10767
10768
10769
10771
10772
10773
10775
10777
10780
10781
10782
10783
10785
10786
10787
10788
10791
10794
10795
10797
10799
10801
10802
10803
10804
10806
10807
10808
10809
10810
10811
10813
10814
10815
10817
10818
10825
10826
10840
10842
10844
10845
10846
10847
10848
10849
10850
10856
10857
10859
10861
10863
10864
10865
10866
10868
10869
10870
10873
10874
10875
10877
10878
10879
10881
10882
10884
10885
10886
10890
10891
10892
10893
10897
10898
10899
10900
10901
10902
10903
10904
10905
10906
10907
10908
10910
10911
10912
10913
10914
10915
10916
10919
10920
10922
10923
10924
10926
10927
10928
10930
10934
10935
10938
10939
10940
10942
10944
10945
10946
10947
10948
10949
10950
10951
10952
10953
10954
10955
10956
10957
10959
10961
10962
10963
10965
10966
10969
10970
10971
10972
10973
10975
10978
10979
10980
10981
10982
10983
10985
10987
10988
10989
10991
10992
10994
10998
10999
11001
11004
11005
11006
11007
11009
11011
11014
11016
11017
11018
11019
11020
11021
11022
11026
11030
11031
11033
11034
11035
11040
11043
11044
11045
11047
11051
11052
11054
11055
11056
11057
11059
11060
11061
11062
11063
11064
11065
11066
11067
11068
11069
11070
11072
11073
11074
11075
11076
11077
11078
11079
11080
11081
11082
11083
11086
11091
11092
11093
11094
11096
11097
11098
11099
11100
11101
11102
11103
11104
11107
11108
11112
11113
11116
11117
11118
11120
11122
11123
11124
11127
11128
11129
11130
11133
11135
11136
11137
11138
11140
11141
11142
11144
11145
11146
11147
11148
11151
11152
11153
11154
11155
11156
11157
11158
11159
11160
11161
11162
11164
11165
11166
11167
11168
11169
11170
11171
11174
11176
11177
11178
11179
11180
11181
11182
11183
11184
11185
11186
11187
11188
11189
11190
11191
11193
11194
11196
11197
11201
11212
11213
11214
11215
11216
11218
11221
11222
11226
11227
11228
11230
11231
11232
11234
11235
11236
11244
11248
11249
11250
11252
11253
11255
11257
11258
11259
11260
11261
11262
11264
11266
11267
11269
11272
11273
11274
11275
11276
11277
11278
11279
11282
11283
11284
11285
11311
11313
11314
11315
11316
11318
11319
11321
11325
11326
11328
11329
11330
11331
11332
11333
11334
11335
11336
11337
11338
11339
11340
11342
11343
11344
11345
11346
22794
22795
22796
22797
22798
22800
22801
22803
22806
22807
22808
22809
22818
22820
22821
22822
22823
22824
22826
22827
22828
22832
22834
22836
22837
22838
22839
22841
22843
22844
22845
22847
22848
22850
22852
22853
22854
22856
22858
22859
22861
22862
22863
22864
22866
22868
22869
22870
22871
22872
22873
22874
22876
22877
22878
22879
22880
22881
22882
22883
22884
22885
22887
22888
22889
22890
22891
22893
22894
22895
22898
22899
22900
22902
22903
22905
22906
22907
22908
22909
22911
22913
22914
22915
22916
22918
22919
22920
22921
22924
22925
22926
22927
22928
22930
22931
22933
22934
22936
22937
22938
22941
22943
22944
22948
22949
22950
22953
22954
22955
22974
22976
22977
22978
22980
22981
22982
22983
22984
22985
22986
22989
22990
22992
22995
22998
22999
23001
23002
23005
23007
23008
23011
23012
23013
23014
23016
23017
23019
23022
23023
23024
23025
23026
23028
23029
23030
23031
23032
23034
23035
23036
23037
23038
23039
23040
23041
23042
23043
23047
23048
23049
23051
23053
23054
23059
23060
23061
23062
23063
23064
23065
23066
23067
23070
23071
23072
23075
23076
23077
23078
23082
23085
23086
23087
23089
23090
23091
23092
23093
23094
23095
23096
23097
23098
23099
23101
23102
23107
23108
23109
23111
23112
23113
23114
23116
23118
23119
23122
23125
23126
23127
23129
23130
23131
23132
23136
23137
23138
23139
23140
23141
23142
23144
23145
23149
23150
23151
23152
23154
23155
23157
23160
23161
23162
23163
23164
23165
23166
23167
23168
23169
23170
23172
23173
23174
23175
23176
23178
23179
23181
23184
23185
23186
23187
23189
23190
23191
23192
23193
23194
23195
23196
23197
23198
23199
23203
23204
23205
23207
23208
23209
23210
23211
23212
23214
23215
23216
23217
23219
23220
23223
23224
23225
23228
23229
23230
23231
23233
23234
23235
23236
23237
23239
23241
23242
23243
23244
23245
23246
23247
23248
23253
23254
23255
23256
23258
23261
23262
23263
23264
23265
23266
23268
23269
23270
23271
23272
23274
23275
23276
23277
23279
23281
23283
23284
23285
23286
23287
23291
23293
23294
23295
23299
23300
23301
23303
23304
23305
23308
23309
23310
23312
23313
23314
23315
23316
23318
23321
23324
23325
23326
23327
23328
23331
23332
23333
23335
23336
23338
23339
23341
23344
23345
23348
23350
23351
23352
23353
23354
23355
23358
23360
23361
23362
23365
23367
23368
23369
23370
23371
23373
23376
23378
23379
23380
23381
23382
23383
23384
23385
23386
23387
23389
23390
23392
23394
23395
23396
23397
23399
23400
23401
23403
23404
23405
23406
23408
23409
23410
23411
23412
23413
23414
23415
23417
23418
23421
23423
23424
23426
23428
23429
23431
23435
23438
23443
23446
23450
23451
23452
23456
23457
23460
23462
23463
23464
23466
23467
23468
23469
23471
23473
23474
23475
23476
23478
23479
23480
23481
23483
23484
23492
23495
23498
23499
23500
23504
23505
23506
23509
23511
23512
23513
23515
23517
23518
23520
23522
23523
23527
23528
23529
23530
23532
23533
23534
23536
23539
23541
23542
23543
23544
23545
23547
23548
23549
23550
23551
23552
23554
23555
23556
23557
23558
23560
23564
23566
23567
23568
23569
23576
23580
23581
23582
23583
23585
23586
23587
23588
23589
23590
23592
23593
23594
23595
23597
23598
23601
23603
23604
23607
23608
23609
23612
23613
23616
23617
23619
23620
23621
23623
23624
23626
23627
23633
23635
23636
23637
23639
23640
23641
23643
23644
23645
23646
23647
23649
23650
23654
23657
23658
23659
23660
23670
23673
23677
23678
23682
23683
23704
23705
23708
23710
23729
23731
23741
23746
23753
23759
23760
23761
23762
23764
23765
23767
23768
23769
23770
23774
23780
23784
23786
23787
23788
24137
24138
24139
24140
24142
24144
24145
24147
24149
25758
25759
25763
25764
25766
25775
25776
25777
25778
25780
25782
25788
25790
25791
25792
25793
25794
25796
25797
25799
25800
25801
25802
25803
25804
25809
25813
25814
25816
25818
25820
25821
25824
25825
25827
25828
25831
25833
25836
25837
25839
25840
25841
25842
25843
25844
25847
25850
25851
25852
25853
25855
25861
25862
25865
25870
25871
25873
25874
25875
25876
25878
25879
25884
25885
25886
25888
25890
25894
25896
25897
25898
25900
25901
25902
25904
25906
25907
25911
25913
25914
25915
25917
25920
25923
25924
25925
25926
25927
25928
25929
25930
25932
25934
25936
25937
25939
25940
25941
25942
25945
25946
25949
25950
25953
25957
25959
25962
25963
25970
25972
25973
25975
25976
25977
25978
25979
25980
25981
25984
25987
25988
25994
25996
25998
25999
26001
26002
26003
26007
26009
26010
26011
26012
26013
26015
26017
26019
26020
26022
26024
26025
26030
26031
26033
26034
26036
26037
26038
26039
26040
26043
26045
26046
26047
26048
26049
26052
26054
26056
26057
26058
26059
26060
26061
26063
26064
26065
26071
26073
26085
26086
26088
26091
26092
26093
26094
26097
26098
26100
26108
26118
26119
26121
26122
26123
26127
26128
26130
26133
26135
26136
26137
26140
26145
26146
26147
26148
26150
26151
26152
26153
26154
26155
26156
26160
26164
26165
26166
26167
26168
26173
26190
26191
26205
26206
26207
26224
26225
26227
26228
26229
26230
26232
26233
26234
26235
26238
26240
26249
26251
26254
26256
26258
26259
26260
26261
26262
26263
26268
26269
26270
26271
26272
26273
26275
26276
26277
26278
26279
26281
26284
26286
26287
26289
26291
26292
26297
26298
26301
26330
26353
26354
26355
26468
26469
26471
26476
26502
26503
26505
26507
26508
26509
26511
26512
26515
26517
26519
26520
26521
26523
26524
26525
26528
26548
26574
26575
26576
26578
26579
26580
26585
26586
26589
26608
26610
26747
26750
26751
26762
26797
26873
26953
26958
26959
26960
26973
26985
26986
26993
26994
26995
26996
26998
26999
27000
27004
27005
27006
27010
27012
27018
27019
27020
27022
27030
27032
27033
27034
27035
27036
27037
27040
27042
27043
27044
27063
27065
27067
27068
27069
27071
27072
27075
27076
27077
27079
27085
27086
27087
27089
27090
27095
27097
27102
27106
27107
27109
27111
27112
27113
27120
27122
27123
27125
27127
27128
27129
27130
27131
27132
27133
27134
27141
27145
27148
27151
27153
27154
27156
27158
27161
27165
27166
27173
27175
27178
27179
27180
27183
27185
27189
27190
27202
27229
27230
27231
27232
27235
27236
27237
27238
27240
27241
27242
27243
27244
27245
27246
27247
27248
27249
27250
27252
27253
27254
27255
27257
27258
27283
27284
27285
27286
27288
27289
27291
27292
27295
27296
27297
27300
27301
27303
27304
27306
27309
27314
27315
27327
27329
27330
27332
27333
27335
27336
27338
27339
27342
27343
27344
27346
27347
27348
27349
27350
27352
27429
27430
27433
27434
27436
27440
27443
27445
28227
28231
28232
28299
28442
28452
28511
28512
28513
28514
28517
28589
28639
28908
28912
28916
28951
28952
28954
28955
28956
28957
28958
28959
28960
28962
28964
28965
28966
28969
28970
28971
28973
28976
28977
28983
28984
28985
28986
28988
28989
28990
28991
28992
28998
28999
29028
29035
29058
29062
29063
29066
29068
29070
29071
29072
29074
29078
29079
29080
29082
29085
29086
29087
29088
29089
29090
29091
29093
29095
29097
29098
29099
29100
29101
29102
29104
29105
29106
29107
29108
29109
29110
29114
29115
29116
29118
29119
29121
29124
29126
29127
29128
29760
29761
29763
29766
29767
29775
29777
29780
29781
29789
29796
29801
29802
29803
29841
29842
29843
29844
29851
29855
29880
29881
29882
29883
29886
29888
29889
29890
29893
29894
29895
29896
29899
29902
29903
29904
29907
29911
29915
29916
29919
29920
29922
29923
29924
29925
29926
29927
29928
29929
29931
29933
29934
29935
29941
29942
29945
29946
29947
29948
29949
29950
29951
29952
29953
29954
29956
29957
29959
29960
29964
29965
29966
29967
29969
29970
29974
29978
29979
29982
29984
29985
29986
29988
29990
29991
29992
29993
29994
29995
29997
29998
30000
30001
30008
30009
30010
30011
30012
30061
30062
30811
30812
30815
30816
30818
30819
30820
30827
30834
30835
30836
30837
30844
30845
30846
30848
30849
30850
30851
30968
49854
49855
49856
49860
50484
50486
50487
50488
50506
50507
50509
50511
50512
50604
50615
50616
50617
50618
50619
50624
50626
50628
50632
50649
50650
50717
50804
50805
50807
50808
50809
50810
50813
50814
50846
50848
50852
50855
50856
50859
50861
50862
50863
50865
50937
50940
50943
50944
50999
51001
51002
51003
51004
51005
51006
51008
51009
51010
51011
51012
51013
51015
51016
51018
51019
51020
51021
51022
51023
51024
51025
51026
51027
51028
51031
51035
51042
51043
51046
51052
51053
51054
51056
51057
51058
51059
51061
51062
51063
51065
51067
51068
51069
51070
51071
51073
51074
51075
51076
51077
51078
51079
51081
51082
51083
51084
51085
51088
51090
51091
51092
51094
51096
51097
51098
51099
51100
51102
51103
51104
51105
51106
51107
51108
51109
51110
51111
51112
51114
51115
51116
51117
51118
51121
51122
51123
51124
51125
51126
51127
51128
51129
51130
51132
51133
51134
51135
51136
51138
51141
51142
51143
51144
51147
51150
51154
51155
51156
51157
51160
51162
51163
51164
51166
51167
51168
51170
51171
51172
51174
51175
51176
51177
51181
51182
51184
51185
51186
51191
51192
51193
51194
51195
51196
51199
51200
51201
51202
51203
51204
51205
51206
51207
51209
51214
51218
51222
51224
51225
51226
51227
51230
51231
51232
51234
51236
51241
51244
51246
51247
51248
51249
51250
51251
51252
51253
51255
51256
51257
51258
51259
51260
51263
51264
51265
51266
51267
51268
51272
51274
51275
51277
51278
51279
51280
51282
51283
51284
51285
51286
51287
51289
51290
51291
51292
51293
51294
51295
51297
51298
51300
51303
51304
51305
51306
51307
51310
51311
51312
51316
51317
51319
51320
51321
51322
51324
51326
51327
51329
51330
51332
51335
51337
51340
51341
51343
51347
51348
51350
51352
51360
51361
51362
51363
51364
51365
51367
51371
51372
51373
51374
51375
51377
51378
51379
51382
51384
51385
51386
51388
51390
51393
51397
51398
51399
51400
51406
51409
51411
51412
51421
51422
51426
51427
51428
51429
51430
51433
51434
51438
51440
51441
51442
51444
51447
51450
51451
51454
51455
51460
51465
51466
51471
51474
51475
51477
51478
51479
51490
51491
51493
51495
51496
51497
51499
51501
51503
51504
51506
51507
51510
51512
51513
51514
51517
51520
51522
51523
51526
51527
51528
51529
51530
51531
51533
51534
51535
51537
51538
51540
51542
51545
51547
51548
51550
51552
51554
51555
51559
51560
51561
51562
51564
51566
51567
51569
51571
51573
51574
51582
51585
51586
51588
51592
51593
51594
51596
51599
51601
51602
51603
51604
51605
51606
51608
51611
51614
51616
51617
51619
51621
51626
51629
51631
51633
51634
51635
51637
51639
51642
51643
51645
51646
51647
51649
51650
51651
51654
51655
51657
51659
51660
51663
51665
51666
51667
51668
51669
51673
51676
51678
51684
51686
51690
51691
51692
51693
51696
51699
51700
51701
51703
51705
51706
51710
51714
51715
51719
51720
51726
51727
51728
51729
51733
51734
51735
51738
51741
51742
51744
51747
51750
51751
51752
51754
51755
51759
51761
51762
51763
51764
51765
51768
51773
51776
51778
51780
51804
51805
51806
51807
51808
53335
53336
53339
53340
53343
53346
53347
53353
53354
53358
53371
53373
53405
53407
53615
53616
53630
53632
53635
53637
53820
53822
53826
53831
53832
53833
53834
53904
53905
53916
53917
53918
53919
53938
53940
53942
53944
53981
54014
54020
54033
54039
54058
54059
54065
54069
54081
54093
54101
54102
54103
54106
54107
54108
54145
54148
54149
54165
54187
54205
54206
54207
54209
54210
54212
54221
54331
54332
54344
54345
54346
54361
54363
54386
54407
54413
54431
54432
54433
54434
54440
54442
54443
54453
54454
54455
54456
54457
54458
54460
54461
54462
54464
54465
54467
54468
54469
54471
54472
54474
54475
54476
54477
54478
54482
54487
54492
54494
54495
54496
54497
54498
54499
54502
54503
54504
54505
54507
54509
54510
54512
54514
54516
54517
54518
54520
54521
54529
54532
54534
54535
54536
54537
54538
54539
54540
54541
54542
54543
54544
54545
54546
54550
54551
54552
54554
54555
54556
54557
54558
54566
54567
54581
54583
54584
54585
54587
54596
54602
54606
54617
54619
54620
54622
54623
54625
54629
54659
54663
54665
54674
54675
54676
54677
54680
54681
54700
54704
54707
54708
54715
54726
54729
54732
54734
54737
54739
54741
54749
54751
54756
54758
54760
54762
54763
54764
54765
54769
54776
54778
54780
54784
54785
54788
54790
54796
54797
54799
54800
54801
54802
54806
54807
54808
54810
54811
54812
54813
54814
54815
54819
54820
54821
54822
54825
54826
54828
54830
54834
54836
54840
54843
54849
54850
54851
54852
54853
54855
54857
54859
54861
54862
54865
54867
54868
54869
54870
54872
54873
54874
54878
54879
54880
54881
54883
54885
54888
54891
54892
54893
54894
54896
54898
54899
54900
54901
54902
54903
54904
54906
54908
54910
54913
54914
54915
54918
54919
54920
54921
54922
54923
54925
54926
54927
54929
54930
54931
54932
54933
54934
54935
54936
54937
54938
54939
54940
54941
54942
54943
54946
54949
54951
54952
54953
54954
54955
54957
54958
54959
54960
54961
54962
54963
54964
54965
54968
54969
54971
54972
54973
54974
54976
54977
54978
54980
54981
54984
54985
54986
54987
54989
54993
54994
54995
54996
54997
54998
55001
55002
55003
55004
55005
55006
55007
55008
55010
55011
55012
55013
55014
55015
55017
55020
55022
55023
55024
55026
55027
55028
55030
55031
55032
55033
55034
55035
55036
55037
55038
55039
55040
55041
55048
55049
55051
55054
55055
55061
55062
55065
55066
55068
55070
55071
55072
55074
55075
55079
55080
55081
55083
55084
55088
55089
55090
55092
55093
55094
55095
55096
55100
55101
55102
55103
55105
55106
55107
55108
55109
55110
55111
55114
55116
55118
55119
55120
55122
55125
55127
55128
55130
55131
55133
55137
55139
55140
55142
55143
55144
55145
55146
55147
55148
55149
55152
55153
55154
55156
55157
55159
55160
55161
55163
55164
55165
55166
55167
55168
55170
55171
55173
55174
55175
55176
55177
55178
55179
55180
55181
55182
55183
55184
55186
55187
55188
55190
55191
55192
55193
55195
55196
55197
55198
55199
55201
55204
55207
55209
55210
55211
55212
55213
55215
55217
55218
55219
55223
55224
55225
55226
55227
55228
55229
55230
55231
55233
55234
55236
55238
55239
55240
55243
55244
55245
55246
55247
55249
55250
55252
55253
55254
55255
55256
55257
55258
55260
55262
55266
55268
55269
55270
55272
55274
55275
55276
55277
55278
55280
55281
55283
55284
55285
55286
55288
55290
55291
55293
55294
55295
55296
55297
55299
55300
55308
55311
55312
55313
55319
55320
55321
55322
55323
55324
55325
55326
55327
55328
55329
55330
55331
55333
55334
55336
55337
55338
55339
55341
55342
55346
55347
55349
55350
55352
55353
55355
55357
55361
55364
55365
55367
55374
55379
55388
55421
55422
55423
55425
55432
55435
55437
55450
55454
55466
55471
55486
55500
55501
55502
55503
55504
55505
55506
55508
55509
55512
55515
55521
55526
55527
55530
55531
55534
55536
55540
55544
55552
55553
55558
55559
55561
55565
55567
55568
55571
55572
55573
55576
55577
55578
55585
55586
55588
55589
55591
55593
55596
55599
55600
55602
55603
55604
55605
55607
55611
55612
55613
55614
55616
55617
55619
55620
55621
55622
55623
55625
55626
55627
55628
55631
55632
55634
55635
55638
55643
55644
55646
55651
55652
55655
55656
55658
55659
55660
55661
55662
55663
55664
55665
55666
55669
55670
55671
55676
55677
55679
55680
55681
55683
55684
55686
55687
55689
55690
55691
55692
55695
55696
55697
55698
55699
55700
55701
55702
55703
55704
55705
55706
55707
55709
55713
55714
55715
55716
55717
55718
55719
55720
55722
55723
55726
55728
55729
55733
55734
55735
55738
55739
55740
55741
55742
55743
55744
55746
55748
55749
55750
55751
55752
55754
55755
55756
55757
55758
55759
55761
55762
55763
55764
55765
55768
55769
55770
55771
55773
55775
55776
55777
55778
55781
55783
55784
55785
55787
55791
55793
55794
55795
55798
55799
55800
55802
55803
55805
55806
55809
55810
55811
55813
55814
55815
55816
55818
55819
55823
55824
55825
55827
55829
55830
55831
55832
55833
55835
55837
55839
55840
55841
55843
55844
55845
55846
55847
55848
55850
55851
55852
55854
55856
55857
55858
55859
55860
55861
55862
55863
55867
55869
55870
55872
55884
55885
55889
55890
55892
55893
55894
55898
55900
55901
55902
55904
55905
55906
55907
55909
55914
55915
55916
55917
55920
55922
55924
55929
55930
55937
55954
55957
55958
55959
55964
55966
55967
55968
55969
55970
55971
55972
55973
55975
55998
56000
56001
56005
56006
56034
56052
56108
56136
56137
56138
56140
56141
56143
56144
56145
56146
56155
56159
56160
56163
56164
56165
56171
56204
56241
56242
56243
56246
56252
56253
56254
56255
56256
56257
56259
56265
56267
56270
56271
56301
56302
56311
56339
56341
56413
56474
56475
56477
56478
56479
56521
56547
56548
56605
56616
56623
56624
56647
56648
56650
56652
56654
56655
56658
56666
56667
56672
56673
56674
56676
56681
56683
56704
56729
56751
56776
56829
56834
56848
56850
56851
56852
56882
56886
56888
56889
56890
56892
56893
56895
56896
56897
56899
56901
56902
56904
56905
56906
56907
56910
56911
56912
56915
56916
56919
56920
56922
56923
56924
56925
56926
56927
56928
56929
56931
56937
56938
56940
56941
56942
56943
56944
56945
56946
56947
56948
56949
56950
56951
56952
56955
56956
56957
56961
56963
56970
56975
56984
56986
56990
56992
56993
56994
56995
56996
56997
56998
57001
57002
57003
57007
57010
57017
57018
57019
57020
57026
57030
57035
57037
57038
57045
57048
57050
57055
57060
57062
57082
57084
57085
57088
57089
57091
57092
57095
57096
57097
57099
57104
57107
57109
57111
57113
57115
57116
57117
57118
57120
57122
57125
57126
57128
57129
57130
57132
57134
57136
57139
57140
57142
57143
57144
57146
57147
57148
57153
57154
57158
57159
57161
57162
57165
57167
57169
57171
57172
57175
57176
57178
57179
57180
57181
57182
57186
57187
57190
57191
57192
57194
57205
57209
57213
57214
57215
57216
57222
57223
57228
57234
57282
57292
57325
57326
57332
57333
57336
57337
57338
57343
57348
57379
57380
57381
57396
57402
57403
57404
57405
57406
57409
57410
57412
57418
57446
57447
57448
57451
57453
57455
57459
57461
57462
57463
57464
57466
57468
57470
57471
57472
57473
57474
57480
57484
57486
57488
57489
57492
57496
57497
57498
57502
57504
57505
57506
57508
57509
57510
57511
57512
57513
57514
57515
57519
57520
57521
57522
57523
57524
57530
57531
57532
57534
57535
57536
57539
57540
57541
57542
57546
57549
57551
57553
57554
57555
57556
57559
57560
57561
57562
57563
57568
57569
57570
57571
57572
57573
57574
57576
57578
57579
57580
57584
57585
57586
57589
57591
57592
57593
57594
57595
57596
57597
57599
57600
57602
57604
57605
57606
57609
57610
57614
57617
57619
57620
57621
57622
57623
57626
57628
57630
57631
57633
57634
57642
57644
57646
57647
57648
57649
57650
57653
57655
57658
57659
57661
57662
57663
57664
57665
57669
57670
57673
57674
57678
57679
57680
57683
57685
57688
57689
57690
57692
57693
57695
57696
57697
57698
57700
57701
57703
57704
57706
57707
57708
57711
57715
57716
57718
57719
57720
57721
57722
57724
57727
57728
57731
57732
57758
57761
57763
57787
57794
57795
57798
57799
57801
57804
57805
57817
57819
57820
57821
57822
57823
57826
57827
57828
57829
57834
57835
57862
57863
58155
58157
58190
58191
58472
58473
58475
58476
58477
58478
58480
58484
58485
58486
58487
58490
58491
58494
58496
58497
58498
58499
58500
58503
58504
58506
58508
58509
58512
58513
58517
58525
58526
58528
58529
58530
58533
58538
58985
58986
59067
59082
59269
59271
59272
59274
59277
59286
59307
59338
59339
59340
59341
59342
59343
59344
59345
59348
59349
59350
59353
60312
60313
60314
60343
60370
60385
60386
60401
60412
60436
60468
60481
60482
60485
60487
60488
60489
60490
60491
60492
60493
60495
60496
60509
60526
60528
60529
60558
60559
60560
60561
60592
60598
60625
60626
60673
60676
60681
60682
60684
60685
63826
63827
63875
63876
63877
63891
63893
63894
63897
63898
63906
63908
63910
63916
63917
63922
63924
63925
63928
63929
63931
63932
63933
63935
63940
63941
63943
63947
63948
63951
63967
63970
63971
63973
63974
63976
63979
64006
64061
64062
64065
64072
64077
64080
64081
64083
64087
64091
64092
64096
64097
64098
64100
64101
64105
64106
64109
64110
64111
64112
64115
64116
64118
64121
64127
64129
64130
64135
64137
64145
64147
64151
64167
64170
64172
64174
64175
64207
64210
64215
64216
64218
64219
64221
64222
64223
64224
64225
64232
64236
64240
64241
64282
64283
64284
64285
64318
64320
64321
64324
64326
64328
64332
64333
64342
64343
64344
64359
64374
64375
64376
64386
64388
64393
64395
64397
64398
64399
64400
64403
64407
64419
64420
64421
64422
64423
64425
64426
64427
64428
64429
64430
64431
64432
64434
64478
64499
64506
64518
64577
64582
64591
64599
64601
64641
64645
64689
64699
64708
64710
64714
64718
64743
64744
64746
64747
64750
64753
64754
64755
64756
64757
64759
64761
64762
64763
64764
64768
64769
64770
64771
64772
64773
64776
64777
64779
64780
64781
64782
64783
64784
64785
64786
64787
64789
64792
64793
64794
64795
64798
64800
64802
64805
64806
64816
64834
64837
64838
64840
64841
64843
64844
64847
64848
64850
64852
64854
64855
64856
64857
64858
64863
64864
64866
64881
64895
64900
64902
64919
64926
64927
64928
64940
64943
64946
64949
64951
64960
64963
64965
64968
64969
64975
64976
64978
64979
64981
64983
65003
65005
65012
65018
65055
65056
65057
65059
65061
65062
65078
65080
65082
65083
65084
65095
65108
65109
65110
65117
65123
65125
65217
65220
65249
65250
65251
65258
65260
65263
65264
65265
65266
65267
65268
65975
65977
65979
65982
65988
65989
65990
65991
65992
65993
65997
65999
66000
66004
66005
66008
66035
66036
66037
78986
78987
78988
78990
78992
78994
78995
78997
79000
79001
79002
79003
79004
79005
79009
79012
79016
79018
79020
79023
79025
79026
79027
79029
79033
79034
79035
79036
79038
79039
79042
79047
79048
79050
79053
79056
79058
79065
79066
79068
79070
79071
79073
79074
79075
79077
79078
79080
79081
79083
79084
79085
79086
79087
79088
79089
79090
79091
79092
79094
79095
79096
79098
79102
79109
79132
79133
79137
79139
79142
79143
79148
79149
79152
79154
79155
79156
79157
79158
79159
79165
79169
79171
79172
79173
79174
79175
79176
79177
79178
79180
79183
79184
79187
79188
79190
79228
79230
79269
79295
79363
79364
79365
79369
79370
79415
79441
79443
79444
79446
79447
79465
79568
79571
79572
79573
79574
79576
79577
79581
79582
79585
79586
79587
79589
79590
79594
79595
79596
79598
79602
79607
79611
79612
79613
79616
79621
79622
79623
79624
79626
79631
79633
79634
79635
79637
79639
79640
79641
79643
79645
79648
79649
79650
79651
79652
79654
79656
79657
79658
79659
79660
79661
79663
79666
79672
79673
79674
79676
79677
79679
79682
79684
79685
79686
79690
79691
79693
79695
79696
79697
79699
79701
79703
79705
79706
79707
79710
79711
79716
79717
79718
79719
79720
79723
79724
79726
79727
79728
79731
79733
79734
79735
79736
79739
79745
79746
79750
79751
79752
79753
79754
79759
79760
79763
79767
79768
79776
79780
79782
79783
79784
79788
79789
79791
79792
79794
79796
79797
79798
79799
79800
79801
79803
79807
79809
79812
79813
79815
79817
79831
79833
79834
79836
79837
79839
79840
79841
79842
79843
79845
79849
79850
79853
79856
79858
79861
79862
79863
79864
79866
79868
79869
79870
79871
79872
79873
79874
79876
79877
79879
79882
79885
79886
79890
79892
79893
79894
79896
79897
79898
79899
79901
79902
79903
79912
79913
79915
79918
79921
79922
79924
79925
79930
79931
79934
79937
79939
79944
79947
79948
79953
79954
79956
79959
79960
79962
79966
79968
79969
79971
79973
79974
79977
79980
79982
79983
79987
79989
79991
80004
80005
80006
80007
80010
80011
80012
80013
80014
80018
80019
80020
80021
80023
80024
80025
80028
80031
80036
80055
80063
80067
80069
80071
80072
80086
80097
80108
80110
80114
80117
80119
80122
80124
80125
80128
80129
80135
80139
80142
80143
80144
80145
80146
80149
80150
80152
80153
80155
80167
80168
80173
80174
80176
80178
80179
80184
80185
80195
80196
80198
80199
80204
80205
80207
80208
80212
80213
80215
80218
80219
80222
80223
80227
80228
80230
80232
80233
80235
80237
80243
80254
80255
80256
80258
80262
80263
80264
80267
80270
80271
80273
80274
80279
80303
80304
80305
80306
80308
80309
80310
80311
80312
80314
80315
80317
80318
80319
80321
80324
80325
80329
80331
80332
80333
80335
80336
80339
80341
80342
80343
80344
80345
80346
80347
80349
80351
80380
80700
80704
80705
80709
80712
80723
80726
80727
80728
80731
80736
80739
80742
80746
80755
80761
80762
80764
80765
80775
80776
80777
80781
80789
80790
80817
80823
80824
80830
80831
80834
80835
80851
80852
80854
80856
80863
80895
81025
81027
81029
81030
81034
81035
81037
81491
81492
81493
81494
81502
81532
81533
81537
81539
81542
81543
81544
81545
81550
81551
81553
81555
81556
81558
81559
81562
81565
81566
81567
81570
81572
81573
81575
81576
81577
81603
81605
81606
81607
81608
81609
81611
81614
81617
81618
81619
81620
81621
81624
81627
81628
81629
81631
81671
81688
81689
81693
81704
81786
81788
81789
81790
81792
81793
81796
81832
81839
81844
81846
81847
81848
81849
81855
81856
81857
81858
81873
81875
81876
81887
81888
81889
81890
81892
81894
81928
81929
81930
81932
83394
83401
83416
83439
83440
83442
83443
83444
83445
83447
83451
83452
83460
83461
83463
83464
83473
83475
83478
83480
83481
83538
83539
83540
83541
83543
83544
83547
83548
83549
83552
83591
83593
83594
83595
83596
83597
83605
83608
83637
83638
83640
83641
83642
83657
83658
83660
83666
83667
83693
83696
83699
83700
83706
83707
83714
83715
83719
83723
83729
83732
83733
83734
83737
83741
83743
83744
83746
83747
83752
83755
83756
83758
83759
83787
83844
83851
83852
83853
83855
83856
83858
83860
83861
83862
83871
83872
83874
83875
83876
83878
83879
83880
83884
83889
83892
83897
83899
83900
83903
83931
83932
83933
83937
83938
83939
83940
83941
83942
83943
83953
83955
83982
83983
83985
83986
83988
83989
83990
83992
83999
84033
84034
84056
84057
84059
84060
84061
84062
84064
84065
84067
84068
84071
84072
84073
84074
84076
84078
84079
84080
84081
84084
84085
84100
84101
84103
84105
84106
84107
84108
84125
84126
84127
84128
84129
84131
84132
84133
84134
84135
84138
84140
84141
84142
84146
84148
84152
84159
84162
84164
84166
84167
84168
84171
84172
84173
84174
84179
84181
84186
84188
84191
84193
84196
84197
84203
84206
84219
84221
84223
84224
84230
84231
84232
84239
84240
84243
84245
84246
84247
84248
84251
84254
84256
84258
84260
84261
84263
84266
84267
84268
84269
84270
84271
84272
84273
84274
84277
84279
84280
84281
84283
84284
84285
84287
84289
84290
84292
84294
84295
84296
84300
84301
84303
84305
84306
84307
84309
84310
84311
84312
84313
84315
84316
84317
84318
84319
84320
84321
84324
84326
84327
84330
84331
84332
84333
84334
84335
84336
84337
84340
84342
84364
84365
84376
84433
84440
84441
84443
84444
84445
84446
84447
84448
84450
84451
84456
84457
84461
84464
84465
84466
84498
84513
84515
84516
84517
84518
84525
84527
84528
84529
84539
84545
84549
84552
84557
84561
84570
84572
84612
84614
84617
84619
84622
84623
84626
84628
84630
84632
84634
84639
84640
84641
84643
84645
84647
84650
84651
84654
84656
84661
84662
84665
84671
84674
84675
84676
84678
84679
84680
84681
84684
84687
84688
84693
84695
84696
84699
84700
84701
84705
84706
84707
84708
84709
84717
84720
84722
84725
84726
84727
84733
84735
84747
84749
84752
84757
84759
84765
84766
84775
84779
84787
84790
84795
84803
84811
84812
84816
84817
84823
84824
84832
84833
84836
84837
84838
84839
84844
84852
84858
84859
84861
84864
84867
84869
84872
84875
84876
84878
84883
84885
84888
84890
84892
84893
84894
84895
84896
84897
84898
84899
84901
84902
84904
84905
84908
84910
84911
84912
84914
84916
84918
84919
84920
84922
84923
84924
84926
84928
84930
84932
84934
84935
84936
84937
84938
84939
84940
84941
84942
84945
84950
84951
84952
84953
84954
84955
84957
84958
84959
84960
84961
84962
84964
84966
84967
84969
84970
84971
84978
84984
84986
84987
84988
84991
84992
84993
84996
85002
85012
85013
85015
85016
85019
85021
85027
85236
85293
85300
85302
85313
85316
85358
85359
85363
85364
85365
85366
85369
85377
85378
85403
85406
85407
85409
85414
85415
85417
85439
85440
85441
85444
85445
85446
85450
85451
85456
85457
85458
85459
85461
85463
85464
85465
85476
85477
85480
85509
85865
87178
87769
88455
89122
89777
89780
89781
89782
89790
89792
89795
89796
89797
89832
89839
89849
89857
89858
89866
89870
89874
89876
89882
89884
89885
89890
89891
89910
89927
89932
89941
89953
89958
89970
89978
90007
90019
90025
90060
90070
90102
90113
90121
90134
90187
90196
90203
90204
90226
90233
90249
90268
90293
90321
90324
90326
90338
90353
90355
90362
90390
90410
90411
90417
90427
90441
90459
90480
90488
90522
90525
90550
90580
90589
90594
90627
90649
90678
90701
90736
90780
90799
90809
90826
90835
90843
90850
90861
90865
90871
90933
90956
90957
90987
90990
90993
91010
91012
91039
91050
91056
91057
91107
91137
91147
91156
91179
91181
91289
91304
91319
91368
91369
91392
91404
91408
91419
91433
91442
91445
91452
91522
91523
91526
91544
91574
91582
91584
91607
91614
91624
91647
91653
91661
91662
91663
91689
91694
91695
91703
91734
91746
91748
91750
91752
91754
91768
91782
91807
91833
91851
91869
91875
91894
91937
91942
91949
91966
91975
91977
92002
92014
92070
92086
92092
92104
92105
92106
92140
92154
92170
92211
92259
92283
92285
92292
92304
92335
92342
92344
92345
92359
92369
92399
92400
92421
92483
92521
92558
92579
92591
92595
92597
92609
92610
92667
92689
92714
92715
92736
92737
92749
92797
92799
92806
92815
92822
92840
92856
92906
92912
92935
92979
92999
93010
93058
93107
93129
93144
93145
93183
93185
93210
93233
93323
93343
93436
93474
93487
93587
93611
93621
93624
93627
93643
93649
93661
93663
93664
93973
93974
93986
94005
94015
94025
94027
94032
94039
94056
94059
94081
94086
94097
94101
94103
94104
94107
94120
94121
94122
94134
94137
94160
94233
94236
94239
94241
94274
96459
96764
103910
112398
112399
112401
112464
112476
112479
112483
112574
112714
112755
112770
112802
112812
112840
112858
112869
112936
112939
112942
112950
112970
113026
113091
113130
113174
113201
113220
113251
113263
113277
113278
113402
113419
113444
113457
113510
113622
113655
113675
113746
113828
113878
114034
114049
114088
114112
114131
114132
114134
114294
114299
114327
114548
114569
114571
114609
114625
114757
114769
114771
114780
114781
114783
114784
114785
114787
114790
114791
114793
114799
114804
114805
114814
114815
114821
114822
114823
114825
114836
114876
114879
114880
114881
114882
114883
114884
114885
114897
114898
114899
114907
114908
114928
114932
114990
114991
115004
115024
115106
115111
115123
115201
115207
115209
115265
115286
115290
115294
115330
115352
115416
115426
115509
115548
115572
115650
115677
115703
115704
115708
115727
115752
115761
115817
115825
115827
115939
115950
115992
116064
116071
116085
116092
116113
116138
116143
116150
116154
116224
116225
116337
116349
116369
116379
116443
116444
116448
116449
116461
116519
116540
116832
116840
116844
116931
116966
116983
116985
116986
116987
116988
117143
117144
117145
117153
117154
117155
117156
117157
117159
117166
117177
117178
117194
117246
117247
117248
117283
117531
117579
117581
117583
117584
117854
118424
118426
118427
118429
118460
118471
118487
118672
118738
118788
118812
118813
118881
118924
118987
119032
119391
119392
119504
119559
119587
120227
120526
120534
121227
121256
121268
121441
121457
121506
121512
121536
121549
121551
121642
122011
122042
122553
122622
122769
122786
122809
122830
122876
122953
122961
122970
123016
123096
123099
123169
123207
123228
123263
123283
123355
123720
123811
123879
123920
124044
124056
124093
124152
124220
124245
124401
124402
124404
124446
124454
124460
124540
124565
124583
124590
124641
124739
124790
124801
124808
124857
124912
124923
124925
124930
124936
124995
125058
125111
125150
125170
125228
125336
125476
125488
125893
125950
125988
126003
126014
126070
126074
126119
126129
126133
126206
126231
126272
126282
126298
126308
126326
126328
126382
126393
126433
126549
126626
126638
126669
126731
126823
127002
127018
127253
127254
127262
127343
127544
127703
127733
127829
127833
127933
128077
128178
128229
128239
128240
128272
128312
128338
128387
128434
128637
128653
128710
128866
128869
128876
128989
129080
129138
129401
129446
129521
129531
129563
129642
129685
129787
129807
129831
129852
129880
130013
130355
130399
130497
130502
130507
130540
130557
130589
130617
130814
130872
130916
130940
130951
131034
131076
131377
131405
131408
131450
131474
131578
131890
132001
132158
132160
132320
132625
132660
132671
132789
132884
132954
133060
133308
133396
133418
133522
133584
133619
133690
133746
133957
134111
134147
134218
134265
134266
134353
134359
134391
134430
134492
134510
134549
134637
134728
134957
135112
135114
135154
135250
135458
135927
135932
136227
137133
137492
137735
137835
137868
137872
137886
137964
137970
137994
138046
138065
138151
138199
138311
138428
138429
138474
139105
139285
139322
139324
139341
139422
139596
139716
139818
140290
140432
140459
140460
140461
140462
140465
140469
140545
140564
140576
140597
140609
140628
140685
140689
140691
140706
140707
140710
140735
140739
140766
140767
140775
140801
140803
140807
140809
140825
140831
140838
140885
140886
140890
140901
140947
142678
142679
142680
142683
142689
142891
142940
143098
143187
143241
143279
143282
143379
143384
143425
143458
143471
143630
143684
143689
143879
143884
143941
144097
144100
144106
144108
144165
144195
144245
144347
144402
144455
144501
144699
144715
144717
144983
145258
145270
145376
145483
145553
145581
145773
145957
146057
146059
146225
146227
146433
146434
146540
146562
146691
146705
146712
146722
146760
146845
146849
146850
146853
146862
146956
147007
147011
147179
147339
147381
147409
147495
147525
147657
147658
147664
147686
147687
147694
147700
147841
147872
147912
147929
147945
147947
148022
148046
148066
148137
148156
148170
148223
148266
148281
148327
148418
148423
148479
148534
148581
148738
148741
148811
148867
148932
149041
149076
149233
149371
149420
149428
149465
149473
149478
149483
149708
149951
149954
149986
150082
150084
150094
150135
150209
150274
150275
150372
150383
150472
150483
150572
150678
150684
150726
150771
150864
150946
151050
151112
151188
151194
151230
151246
151254
151258
151295
151393
151449
151473
151516
151531
151613
151636
151648
151742
151871
151887
151888
151903
151987
152006
152007
152015
152137
152138
152185
152189
152206
152330
152503
152687
152789
152831
153020
153090
153222
153443
153527
153561
153572
153733
153768
153769
154007
154075
154313
154664
154796
154810
154865
155066
155370
155382
155435
155465
157285
157310
157574
157638
157680
157739
157769
157773
157807
157922
158055
158297
158358
158399
158401
158471
158506
158586
158747
158787
158798
158866
158931
159090
159119
159195
159296
159371
159989
160140
160335
160418
160622
160760
160762
160851
161003
161145
161176
161253
161582
161725
161742
161835
161882
162333
162417
162427
162494
162681
162963
162966
162972
162989
163049
163050
163051
163081
163087
163126
163223
163404
163590
163688
163702
163720
163732
163786
163859
163882
164045
164127
164153
164312
164592
164633
164656
164832
165324
165530
165904
165918
166012
166336
166378
166647
166785
166824
166979
167227
167465
167555
167691
167826
167838
168433
168451
168507
168544
168620
168667
168850
169522
169792
169966
169981
170082
170261
170384
170463
170482
170506
170589
170591
170622
170680
170685
170825
170850
170954
170961
171017
171023
171024
171177
171392
171425
171546
171558
171568
192111
192134
192666
192669
192670
192683
195814
196074
196294
196374
196383
196403
196441
196463
196472
196477
196513
196528
196740
196743
196792
197131
197257
197259
197322
197358
197370
197407
199704
199713
199720
199731
199745
199777
199857
199920
200014
200081
200162
200185
200186
200205
200316
200504
200523
200539
200558
200576
200734
200765
200845
200894
200895
200916
200931
200933
200958
200959
201134
201158
201161
201163
201176
201254
201266
201292
201294
201456
201475
201514
201516
201562
201595
201626
201895
201965
201973
202018
202333
202500
202559
203062
203069
203100
203228
203259
203260
203447
203522
203547
203611
204474
204851
205717
206358
207063
219287
219293
219333
219539
219541
219670
219681
219699
219738
219743
219749
219771
219790
219844
220042
220077
220082
220108
220134
220136
220164
220213
220388
220441
220869
220929
220963
220965
220972
220988
220992
221016
221035
221037
221060
221061
221078
221079
221092
221150
221154
221178
221184
221241
221264
221294
221302
221322
221400
221458
221472
221481
221496
221504
221527
221613
221656
221662
221687
221692
221823
221830
221895
221914
221935
221937
221955
221960
221981
222235
222236
222255
222389
222484
222546
222643
222658
222663
222894
223082
225689
245711
245806
245812
245973
246175
246181
246184
246243
246269
246329
246330
246721
246778
252839
252884
252969
252983
252995
253143
253260
253430
253461
253558
253635
253714
253738
253769
253827
253959
253980
254065
254122
254170
254173
254295
254427
254827
254863
254879
254887
255061
255082
255189
255394
255426
255488
255626
255738
255743
255758
255877
255928
255967
256281
256297
256329
256364
256369
256714
256933
257169
257194
257218
257236
257313
257364
257397
257468
257629
258010
259173
259197
259217
259230
259232
259266
259282
260294
260425
261726
261729
261734
266629
266743
266747
266812
267012
280636
280659
282616
282617
282618
282809
282890
282974
282991
283093
283106
283135
283149
283160
283208
283209
283212
283232
283234
283237
283238
283248
283337
283349
283373
283377
283398
283450
283455
283461
283464
283489
283629
283638
283643
283651
283687
283742
283820
283869
283871
283899
283932
283970
283987
283989
283991
284001
284004
284018
284058
284086
284098
284111
284114
284119
284129
284131
284217
284230
284273
284288
284307
284309
284323
284325
284358
284361
284370
284371
284391
284403
284418
284459
284613
284615
284680
284685
284695
284697
284723
284821
284904
284996
285025
285116
285148
285175
285220
285282
285296
285315
285343
285346
285362
285381
285440
285464
285489
285527
285590
285596
285613
285753
285761
285782
285829
285855
286075
286077
286133
286140
286151
286204
286205
286262
286343
286451
286495
286512
286514
286749
286753
286826
286827
286887
317649
317719
317772
317781
319101
326624
326625
333926
337867
337876
337880
337968
337972
338322
338567
338599
338692
338785
338917
339175
339201
339230
339231
339287
339318
339324
339327
339344
339390
339403
339448
339451
339855
339965
339967
339970
340024
340156
340205
340348
340526
340543
340554
340654
340719
341032
341116
341640
341676
342035
342184
342357
342372
342510
342574
342667
342898
342926
343472
343521
344148
344328
344558
344593
345456
345557
345651
346288
346389
347404
347688
347730
347733
347734
347862
347902
348093
348158
348180
348487
348807
348980
348995
352954
353091
353116
353355
353376
359710
359787
359845
359948
360203
373156
373509
373856
374291
374378
374403
374454
374569
374618
374650
374654
374659
374666
374868
374920
374928
375010
375056
375189
375287
375449
375484
375686
375743
375775
375790
376267
376497
377841
378108
378465
378884
386607
386617
386618
386672
386675
386724
387082
387119
387254
387332
387338
387522
387597
387640
387680
387700
387755
387758
387893
387923
387978
388077
388112
388324
388344
388403
388474
388524
388531
388552
388556
388558
388585
388646
388650
388677
388695
388697
388698
388753
388962
389015
389125
389396
389421
389458
389677
389692
389787
389792
389840
389856
389873
389874
389941
390284
390598
390927
391104
391123
391356
391365
391592
391634
391656
391723
391833
392255
392862
399512
399664
399665
399669
399671
399687
399694
399818
399937
399979
400011
400013
400061
400322
400451
400569
400578
400652
400673
400713
400745
400961
401024
401145
401265
401509
401548
402100
404093
404281
404550
404636
404665
404672
406881
407835
408029
414060
414061
414062
414149
414157
414301
414308
414318
414328
414918
415116
439921
439996
440026
440068
440145
440193
440275
440295
440359
440400
440434
440456
440567
440590
440672
440675
440689
440737
440738
440915
440926
441032
441089
441282
441400
441478
441531
441876
442041
442270
442454
445329
449520
474354
474384
493829
493856
493861
494143
494470
494514
497661
503542
504188
541468
548313
548593
552889
552891
553115
553158
574406
619563
642311
642393
642443
642513
642521
642636
642828
642892
642954
643167
643246
643314
643427
643445
643446
643486
643641
643866
643949
644006
644019
644131
644150
644315
644390
644422
644815
644877
644890
645139
645175
645381
645402
645455
645619
645683
645822
645870
646079
646227
646243
646316
646409
646567
646626
646644
646817
646966
647000
647076
647150
647276
647436
647859
648603
648822
648927
649330
650405
650638
652147
652460
652522
652991
653052
653121
653155
653220
653275
653303
653375
653420
653450
653499
653566
653773
653808
653877
653879
653881
653888
653889
654085
654258
654483
654817
664709
692063
692312
727726
727738
727758
727761
727787
727789
727800
727826
727851
727866
727897
728026
728071
728116
728207
728226
728239
728242
728294
728340
728380
728400
728458
728533
728553
728592
728641
728642
728698
728860
728937
728953
728970
729012
729020
729073
729086
729208
729230
729236
729330
729340
729403
729475
729494
729495
729566
729590
729608
729634
729708
729830
729859
729952
729967
729991
730010
730013
730041
730094
730144
730291
730429
731035
731602
731605
732229
732360
732446
767558
768211
790955
6775063
6775065
6775072
6775083
6775098
100037280
100049587
100127984
100128265
100128319
100128526
100128542
100128553
100128766
100129237
100129272
100129492
100129652
100129681
100129733
100129975
100130086
100130108
100130109
100130176
100130633
100130716
100131160
100131187
100131254
100131261
100131294
100131392
100131693
100131713
100131735
100131816
100131851
100131863
100131905
100131909
100132068
100132285
100132364
100132417
100132425
100132635
100132771
100132779
100132795
100133012
100133017
100133583
100133673
100133678
100133690
100133770
100133982
100134387
100137049
100270710
100271831
100271840
100271849
100272147
100287466
100287898
100287932
100288060
100288072
100288160
100289087
100289462
100290070
100291837
100292202
100293737
100294276
100294277
